instance_id,code_value,code_context,text_contains_or_implies_value,manual_category,automatic_category,agreement,notes
107483,2.0,assign_to_jobs | assign_to_operation_pairs | assign_to_operation_pairs | assign_to_operation_pairs | assign_to_operation_pairs,Yes,TEXT_SUPPORTED_EXACT,TEXT_SUPPORTED_EXACT,True,Verified in NL text: exact literal match found.
107483,1000.0,assign_to_M,No,IMPLEMENTATION_ONLY,IMPLEMENTATION_ONLY,True,"Implementation detail: helper constant (e.g., large penalty coefficient / big-M) introduced by the code generator."
174407,10.0,assign_to_x; inside_call_model.addVars | assign_to_x; inside_call_model.addVars | assign_to_y; inside_call_model.addVars | inside_call_range; in_range | inside_call_range; in_range | inside_call_range; in_range | inside_call_range; in_range | inside_call_range; in_range | inside_call_range; in_range | inside_call_range; in_range | inside_call_range; in_range | inside_call_range; in_range,Yes,TEXT_SUPPORTED_EXACT,TEXT_SUPPORTED_EXACT,True,Verified in NL text: exact literal match found.
174407,28.0,inside_call_gp.quicksum,Yes,TEXT_SUPPORTED_EXACT,TEXT_SUPPORTED_EXACT,True,Verified in NL text: exact literal match found.
174407,100.0,inside_call_model.addConstr,Yes,TEXT_SUPPORTED_EXACT,TEXT_SUPPORTED_EXACT,True,Verified in NL text: exact literal match found.
174407,0.5,is_x_compare | is_x_compare,No,SOLVER_OR_API_CONSTANT,SOLVER_OR_API_CONSTANT,True,"Implementation detail: Gurobi solver parameter, status constant, or comparison threshold (e.g. status == 2 or x > 0.5)."
183199,2.0,assign_to_products | assign_to_periods | assign_to_revenue | assign_to_grinder_capacity | assign_to_drill_capacity | assign_to_borer_capacity | assign_to_max_sales | assign_to_max_sales | assign_to_max_sales | assign_to_max_sales | inside_call_model.addConstr | inside_call_model.addConstr; in_index | inside_call_model.addConstr | inside_call_model.addConstr | inside_call_model.addConstr | inside_call_model.addConstr; in_index,Yes,TEXT_SUPPORTED_EXACT,TEXT_SUPPORTED_EXACT,True,Verified in NL text: exact literal match found.
183199,3.0,assign_to_periods | assign_to_grinder_capacity | assign_to_drill_capacity | assign_to_borer_capacity | assign_to_max_sales | assign_to_max_sales | assign_to_max_sales,No,INDEX_OR_LOOP_BOUND,INDEX_OR_LOOP_BOUND,True,Implementation detail: range boundary or set index not expressing a model parameter in the text.
183199,4.0,assign_to_periods | assign_to_grinder_capacity | assign_to_drill_capacity | assign_to_borer_capacity | assign_to_max_sales | assign_to_max_sales | assign_to_max_sales | inside_call_model.addConstr; in_index,Yes,TEXT_SUPPORTED_NORMALIZED,TEXT_SUPPORTED_NORMALIZED,True,"Verified in NL text: value matches in normalized format (written word, percentage, or currency)."
183199,182.0,assign_to_revenue,Yes,TEXT_SUPPORTED_EXACT,TEXT_SUPPORTED_EXACT,True,Verified in NL text: exact literal match found.
183199,194.0,assign_to_revenue,Yes,TEXT_SUPPORTED_EXACT,TEXT_SUPPORTED_EXACT,True,Verified in NL text: exact literal match found.
183199,137.0,assign_to_revenue,Yes,TEXT_SUPPORTED_EXACT,TEXT_SUPPORTED_EXACT,True,Verified in NL text: exact literal match found.
183199,10.0,assign_to_holding_cost | assign_to_final_inventory,Yes,TEXT_SUPPORTED_EXACT,TEXT_SUPPORTED_EXACT,True,Verified in NL text: exact literal match found.
183199,240.0,assign_to_grinder_capacity,Yes,TEXT_SUPPORTED_EXACT,TEXT_SUPPORTED_EXACT,True,Verified in NL text: exact literal match found.
183199,360.0,assign_to_grinder_capacity | assign_to_grinder_capacity | assign_to_grinder_capacity,Yes,TEXT_SUPPORTED_EXACT,TEXT_SUPPORTED_EXACT,True,Verified in NL text: exact literal match found.
183199,120.0,assign_to_drill_capacity | assign_to_drill_capacity | assign_to_drill_capacity | assign_to_drill_capacity | assign_to_borer_capacity | assign_to_borer_capacity | assign_to_borer_capacity,Yes,TEXT_SUPPORTED_EXACT,TEXT_SUPPORTED_EXACT,True,Verified in NL text: exact literal match found.
183199,29.0,assign_to_max_sales | assign_to_max_sales,Yes,TEXT_SUPPORTED_EXACT,TEXT_SUPPORTED_EXACT,True,Verified in NL text: exact literal match found.
183199,20.0,assign_to_max_sales,Yes,TEXT_SUPPORTED_EXACT,TEXT_SUPPORTED_EXACT,True,Verified in NL text: exact literal match found.
183199,35.0,assign_to_max_sales,Yes,TEXT_SUPPORTED_EXACT,TEXT_SUPPORTED_EXACT,True,Verified in NL text: exact literal match found.
183199,22.0,assign_to_max_sales,Yes,TEXT_SUPPORTED_EXACT,TEXT_SUPPORTED_EXACT,True,Verified in NL text: exact literal match found.
183199,49.0,assign_to_max_sales,Yes,TEXT_SUPPORTED_EXACT,TEXT_SUPPORTED_EXACT,True,Verified in NL text: exact literal match found.
183199,27.0,assign_to_max_sales,Yes,TEXT_SUPPORTED_EXACT,TEXT_SUPPORTED_EXACT,True,Verified in NL text: exact literal match found.
183199,36.0,assign_to_max_sales,Yes,TEXT_SUPPORTED_EXACT,TEXT_SUPPORTED_EXACT,True,Verified in NL text: exact literal match found.
183199,23.0,assign_to_max_sales,Yes,TEXT_SUPPORTED_EXACT,TEXT_SUPPORTED_EXACT,True,Verified in NL text: exact literal match found.
183199,28.0,assign_to_max_sales,Yes,TEXT_SUPPORTED_EXACT,TEXT_SUPPORTED_EXACT,True,Verified in NL text: exact literal match found.
183199,47.0,assign_to_max_sales,Yes,TEXT_SUPPORTED_EXACT,TEXT_SUPPORTED_EXACT,True,Verified in NL text: exact literal match found.
183199,26.0,assign_to_max_sales,Yes,TEXT_SUPPORTED_EXACT,TEXT_SUPPORTED_EXACT,True,Verified in NL text: exact literal match found.
183199,50.0,inside_call_model.addConstr,Yes,TEXT_SUPPORTED_EXACT,TEXT_SUPPORTED_EXACT,True,Verified in NL text: exact literal match found.
93863,2.0,assign_to_N | assign_to_cost | assign_to_cost | assign_to_cost | assign_to_cost | assign_to_cost | assign_to_cost | assign_to_cost | assign_to_cost | assign_to_cost | assign_to_cost,Yes,TEXT_SUPPORTED_EXACT,TEXT_SUPPORTED_EXACT,True,Verified in NL text: exact literal match found.
93863,3.0,assign_to_N | assign_to_cost | assign_to_cost | assign_to_cost | assign_to_cost | assign_to_cost | assign_to_cost | assign_to_cost | assign_to_cost | assign_to_cost | assign_to_cost,Yes,TEXT_SUPPORTED_EXACT,TEXT_SUPPORTED_EXACT,True,Verified in NL text: exact literal match found.
93863,4.0,assign_to_N | assign_to_cost | assign_to_cost | assign_to_cost | assign_to_cost | assign_to_cost | assign_to_cost | assign_to_cost | assign_to_cost | assign_to_cost | assign_to_cost | inside_call_model.addConstr,Yes,TEXT_SUPPORTED_EXACT,TEXT_SUPPORTED_EXACT,True,Verified in NL text: exact literal match found.
93863,802.0,assign_to_cost,Yes,TEXT_SUPPORTED_EXACT,TEXT_SUPPORTED_EXACT,True,Verified in NL text: exact literal match found.
93863,134.0,assign_to_cost,Yes,TEXT_SUPPORTED_EXACT,TEXT_SUPPORTED_EXACT,True,Verified in NL text: exact literal match found.
93863,240.0,assign_to_cost,Yes,TEXT_SUPPORTED_EXACT,TEXT_SUPPORTED_EXACT,True,Verified in NL text: exact literal match found.
93863,30.0,assign_to_cost,Yes,TEXT_SUPPORTED_EXACT,TEXT_SUPPORTED_EXACT,True,Verified in NL text: exact literal match found.
93863,697.0,assign_to_cost,Yes,TEXT_SUPPORTED_EXACT,TEXT_SUPPORTED_EXACT,True,Verified in NL text: exact literal match found.
93863,147.0,assign_to_cost,Yes,TEXT_SUPPORTED_EXACT,TEXT_SUPPORTED_EXACT,True,Verified in NL text: exact literal match found.
93863,658.0,assign_to_cost,Yes,TEXT_SUPPORTED_EXACT,TEXT_SUPPORTED_EXACT,True,Verified in NL text: exact literal match found.
93863,795.0,assign_to_cost,Yes,TEXT_SUPPORTED_EXACT,TEXT_SUPPORTED_EXACT,True,Verified in NL text: exact literal match found.
93863,342.0,assign_to_cost,Yes,TEXT_SUPPORTED_EXACT,TEXT_SUPPORTED_EXACT,True,Verified in NL text: exact literal match found.
93863,523.0,assign_to_cost,Yes,TEXT_SUPPORTED_EXACT,TEXT_SUPPORTED_EXACT,True,Verified in NL text: exact literal match found.
93863,999.0,assign_to_cost,Yes,TEXT_SUPPORTED_EXACT,TEXT_SUPPORTED_EXACT,True,Verified in NL text: exact literal match found.
93863,406.0,assign_to_cost,Yes,TEXT_SUPPORTED_EXACT,TEXT_SUPPORTED_EXACT,True,Verified in NL text: exact literal match found.
93863,995.0,assign_to_cost,Yes,TEXT_SUPPORTED_EXACT,TEXT_SUPPORTED_EXACT,True,Verified in NL text: exact literal match found.
93863,926.0,assign_to_cost,Yes,TEXT_SUPPORTED_EXACT,TEXT_SUPPORTED_EXACT,True,Verified in NL text: exact literal match found.
93863,227.0,assign_to_cost,Yes,TEXT_SUPPORTED_EXACT,TEXT_SUPPORTED_EXACT,True,Verified in NL text: exact literal match found.
93863,15.0,assign_to_cost,Yes,TEXT_SUPPORTED_EXACT,TEXT_SUPPORTED_EXACT,True,Verified in NL text: exact literal match found.
93863,730.0,assign_to_cost,Yes,TEXT_SUPPORTED_EXACT,TEXT_SUPPORTED_EXACT,True,Verified in NL text: exact literal match found.
93863,521.0,assign_to_cost,Yes,TEXT_SUPPORTED_EXACT,TEXT_SUPPORTED_EXACT,True,Verified in NL text: exact literal match found.
93863,834.0,assign_to_cost,Yes,TEXT_SUPPORTED_EXACT,TEXT_SUPPORTED_EXACT,True,Verified in NL text: exact literal match found.
93863,969.0,assign_to_cost,Yes,TEXT_SUPPORTED_EXACT,TEXT_SUPPORTED_EXACT,True,Verified in NL text: exact literal match found.
93863,5.0,inside_call_model.addConstr | inside_call_model.addConstr,Yes,TEXT_SUPPORTED_EXACT,TEXT_SUPPORTED_EXACT,True,Verified in NL text: exact literal match found.
93863,0.5,none,No,IMPLEMENTATION_ONLY,IMPLEMENTATION_ONLY,True,"Implementation detail: helper constant (e.g., large penalty coefficient / big-M) introduced by the code generator."
149153,2.0,assign_to_cities | assign_to_supply_demand | assign_to_transport_cost | assign_to_transport_cost | assign_to_transport_cost | assign_to_transport_cost | assign_to_transport_cost | assign_to_transport_cost | assign_to_transport_cost | assign_to_transport_cost | assign_to_transport_cost | assign_to_transport_cost | assign_to_transport_cost | assign_to_transport_cost | assign_to_transport_cost | assign_to_transport_capacity | assign_to_transport_capacity | assign_to_transport_capacity | assign_to_transport_capacity | assign_to_transport_capacity | assign_to_transport_capacity | assign_to_transport_capacity | assign_to_transport_capacity | assign_to_transport_capacity | assign_to_transport_capacity,Yes,TEXT_SUPPORTED_EXACT,TEXT_SUPPORTED_EXACT,True,Verified in NL text: exact literal match found.
149153,3.0,assign_to_cities | assign_to_supply_demand | assign_to_transport_cost | assign_to_transport_cost | assign_to_transport_cost | assign_to_transport_cost | assign_to_transport_cost | assign_to_transport_cost | assign_to_transport_cost | assign_to_transport_cost | assign_to_transport_cost | assign_to_transport_cost | assign_to_transport_cost | assign_to_transport_cost | assign_to_transport_capacity | assign_to_transport_capacity | assign_to_transport_capacity | assign_to_transport_capacity | assign_to_transport_capacity | assign_to_transport_capacity | assign_to_transport_capacity | assign_to_transport_capacity | assign_to_transport_capacity | assign_to_transport_capacity,Yes,TEXT_SUPPORTED_EXACT,TEXT_SUPPORTED_EXACT,True,Verified in NL text: exact literal match found.
149153,4.0,assign_to_cities | assign_to_supply_demand | assign_to_supply_demand | assign_to_transport_cost | assign_to_transport_cost | assign_to_transport_cost | assign_to_transport_cost | assign_to_transport_cost | assign_to_transport_cost | assign_to_transport_cost | assign_to_transport_cost | assign_to_transport_cost | assign_to_transport_cost | assign_to_transport_cost | assign_to_transport_cost | assign_to_transport_cost | assign_to_transport_cost | assign_to_transport_cost | assign_to_transport_cost | assign_to_transport_cost | assign_to_transport_cost | assign_to_transport_capacity | assign_to_transport_capacity | assign_to_transport_capacity | assign_to_transport_capacity | assign_to_transport_capacity | assign_to_transport_capacity | assign_to_transport_capacity | assign_to_transport_capacity | assign_to_transport_capacity | assign_to_transport_capacity,Yes,TEXT_SUPPORTED_EXACT,TEXT_SUPPORTED_EXACT,True,Verified in NL text: exact literal match found.
149153,5.0,assign_to_cities | assign_to_supply_demand | assign_to_transport_cost | assign_to_transport_cost | assign_to_transport_cost | assign_to_transport_cost | assign_to_transport_cost | assign_to_transport_cost | assign_to_transport_cost | assign_to_transport_cost | assign_to_transport_cost | assign_to_transport_cost | assign_to_transport_cost | assign_to_transport_cost | assign_to_transport_cost | assign_to_transport_cost | assign_to_transport_cost | assign_to_transport_capacity | assign_to_transport_capacity | assign_to_transport_capacity | assign_to_transport_capacity | assign_to_transport_capacity | assign_to_transport_capacity | assign_to_transport_capacity | assign_to_transport_capacity | assign_to_transport_capacity | assign_to_transport_capacity,Yes,TEXT_SUPPORTED_EXACT,TEXT_SUPPORTED_EXACT,True,Verified in NL text: exact literal match found.
149153,-11.0,assign_to_supply_demand | assign_to_supply_demand,Yes,TEXT_SUPPORTED_DERIVED,TEXT_SUPPORTED_DERIVED,True,Verified in NL text: value derived deterministically (e.g. negated objective coefficient or multiplier).
149153,-15.0,assign_to_supply_demand,Yes,TEXT_SUPPORTED_DERIVED,TEXT_SUPPORTED_DERIVED,True,Verified in NL text: value derived deterministically (e.g. negated objective coefficient or multiplier).
149153,-12.0,assign_to_supply_demand,Yes,TEXT_SUPPORTED_DERIVED,TEXT_SUPPORTED_DERIVED,True,Verified in NL text: value derived deterministically (e.g. negated objective coefficient or multiplier).
149153,45.0,assign_to_supply_demand,Yes,TEXT_SUPPORTED_EXACT,TEXT_SUPPORTED_EXACT,True,Verified in NL text: exact literal match found.
149153,6.0,assign_to_transport_cost | assign_to_transport_cost | assign_to_transport_cost | assign_to_transport_cost | assign_to_transport_cost,Yes,TEXT_SUPPORTED_EXACT,TEXT_SUPPORTED_EXACT,True,Verified in NL text: exact literal match found.
149153,8.0,assign_to_transport_cost | assign_to_transport_cost | assign_to_transport_cost | assign_to_transport_cost,Yes,TEXT_SUPPORTED_EXACT,TEXT_SUPPORTED_EXACT,True,Verified in NL text: exact literal match found.
149153,7.0,assign_to_transport_cost | assign_to_transport_cost | assign_to_transport_cost,Yes,TEXT_SUPPORTED_EXACT,TEXT_SUPPORTED_EXACT,True,Verified in NL text: exact literal match found.
149153,27.0,assign_to_transport_capacity | assign_to_transport_capacity | assign_to_transport_capacity,Yes,TEXT_SUPPORTED_EXACT,TEXT_SUPPORTED_EXACT,True,Verified in NL text: exact literal match found.
149153,48.0,assign_to_transport_capacity | assign_to_transport_capacity,Yes,TEXT_SUPPORTED_EXACT,TEXT_SUPPORTED_EXACT,True,Verified in NL text: exact literal match found.
149153,22.0,assign_to_transport_capacity | assign_to_transport_capacity | assign_to_transport_capacity,Yes,TEXT_SUPPORTED_EXACT,TEXT_SUPPORTED_EXACT,True,Verified in NL text: exact literal match found.
149153,43.0,assign_to_transport_capacity | assign_to_transport_capacity,Yes,TEXT_SUPPORTED_EXACT,TEXT_SUPPORTED_EXACT,True,Verified in NL text: exact literal match found.
149153,23.0,assign_to_transport_capacity | assign_to_transport_capacity,Yes,TEXT_SUPPORTED_EXACT,TEXT_SUPPORTED_EXACT,True,Verified in NL text: exact literal match found.
149153,32.0,assign_to_transport_capacity | assign_to_transport_capacity,Yes,TEXT_SUPPORTED_EXACT,TEXT_SUPPORTED_EXACT,True,Verified in NL text: exact literal match found.
149153,13.0,assign_to_transport_capacity,Yes,TEXT_SUPPORTED_EXACT,TEXT_SUPPORTED_EXACT,True,Verified in NL text: exact literal match found.
149153,26.0,assign_to_transport_capacity,Yes,TEXT_SUPPORTED_EXACT,TEXT_SUPPORTED_EXACT,True,Verified in NL text: exact literal match found.
149153,41.0,assign_to_transport_capacity,Yes,TEXT_SUPPORTED_EXACT,TEXT_SUPPORTED_EXACT,True,Verified in NL text: exact literal match found.
149153,34.0,assign_to_transport_capacity | assign_to_transport_capacity,Yes,TEXT_SUPPORTED_EXACT,TEXT_SUPPORTED_EXACT,True,Verified in NL text: exact literal match found.
149153,29.0,assign_to_transport_capacity | assign_to_transport_capacity,Yes,TEXT_SUPPORTED_EXACT,TEXT_SUPPORTED_EXACT,True,Verified in NL text: exact literal match found.
149153,42.0,assign_to_transport_capacity,Yes,TEXT_SUPPORTED_EXACT,TEXT_SUPPORTED_EXACT,True,Verified in NL text: exact literal match found.
149153,11.0,assign_to_transport_capacity,Yes,TEXT_SUPPORTED_EXACT,TEXT_SUPPORTED_EXACT,True,Verified in NL text: exact literal match found.
149153,40.0,assign_to_transport_capacity | assign_to_transport_capacity,Yes,TEXT_SUPPORTED_EXACT,TEXT_SUPPORTED_EXACT,True,Verified in NL text: exact literal match found.
149153,20.0,assign_to_transport_capacity,Yes,TEXT_SUPPORTED_EXACT,TEXT_SUPPORTED_EXACT,True,Verified in NL text: exact literal match found.
149153,12.0,assign_to_transport_capacity,Yes,TEXT_SUPPORTED_EXACT,TEXT_SUPPORTED_EXACT,True,Verified in NL text: exact literal match found.
149153,10.0,assign_to_transport_capacity,Yes,TEXT_SUPPORTED_EXACT,TEXT_SUPPORTED_EXACT,True,Verified in NL text: exact literal match found.
149153,16.0,assign_to_transport_capacity,Yes,TEXT_SUPPORTED_EXACT,TEXT_SUPPORTED_EXACT,True,Verified in NL text: exact literal match found.
149153,15.0,assign_to_transport_capacity,Yes,TEXT_SUPPORTED_EXACT,TEXT_SUPPORTED_EXACT,True,Verified in NL text: exact literal match found.
166732,2.0,assign_to_employees | assign_to_projects | assign_to_availability | assign_to_requirements | assign_to_costs | assign_to_costs | assign_to_costs | assign_to_costs | assign_to_costs | assign_to_costs | assign_to_costs | assign_to_costs | assign_to_costs | assign_to_costs | assign_to_capacity | assign_to_capacity | assign_to_capacity | assign_to_capacity | assign_to_capacity | assign_to_capacity | assign_to_capacity | assign_to_capacity | assign_to_capacity | assign_to_capacity,Yes,TEXT_SUPPORTED_EXACT,TEXT_SUPPORTED_EXACT,True,Verified in NL text: exact literal match found.
166732,3.0,assign_to_employees | assign_to_projects | assign_to_availability | assign_to_requirements | assign_to_requirements | assign_to_costs | assign_to_costs | assign_to_costs | assign_to_costs | assign_to_costs | assign_to_costs | assign_to_costs | assign_to_costs | assign_to_costs | assign_to_costs | assign_to_capacity | assign_to_capacity | assign_to_capacity | assign_to_capacity | assign_to_capacity | assign_to_capacity | assign_to_capacity | assign_to_capacity | assign_to_capacity | assign_to_capacity,Yes,TEXT_SUPPORTED_EXACT,TEXT_SUPPORTED_EXACT,True,Verified in NL text: exact literal match found.
166732,4.0,assign_to_projects | assign_to_requirements | assign_to_costs | assign_to_costs | assign_to_costs | assign_to_costs | assign_to_capacity | assign_to_capacity | assign_to_capacity | assign_to_capacity | assign_to_capacity | assign_to_capacity | assign_to_capacity | assign_to_capacity | assign_to_capacity | assign_to_capacity,Yes,TEXT_SUPPORTED_EXACT,TEXT_SUPPORTED_EXACT,True,Verified in NL text: exact literal match found.
166732,5.0,assign_to_projects | assign_to_requirements | assign_to_costs | assign_to_costs | assign_to_costs | assign_to_costs | assign_to_capacity | assign_to_capacity | assign_to_capacity | assign_to_capacity | assign_to_capacity | assign_to_capacity | assign_to_capacity | assign_to_capacity | assign_to_capacity | assign_to_capacity,Yes,TEXT_SUPPORTED_EXACT,TEXT_SUPPORTED_EXACT,True,Verified in NL text: exact literal match found.
166732,11.0,assign_to_availability | assign_to_availability,Yes,TEXT_SUPPORTED_EXACT,TEXT_SUPPORTED_EXACT,True,Verified in NL text: exact literal match found.
166732,8.0,assign_to_availability | assign_to_requirements | assign_to_capacity,Yes,TEXT_SUPPORTED_EXACT,TEXT_SUPPORTED_EXACT,True,Verified in NL text: exact literal match found.
166732,10.0,assign_to_availability | assign_to_requirements | assign_to_requirements,Yes,TEXT_SUPPORTED_EXACT,TEXT_SUPPORTED_EXACT,True,Verified in NL text: exact literal match found.
166732,9.0,assign_to_requirements,Yes,TEXT_SUPPORTED_EXACT,TEXT_SUPPORTED_EXACT,True,Verified in NL text: exact literal match found.
166732,21.0,assign_to_costs | assign_to_costs,Yes,TEXT_SUPPORTED_EXACT,TEXT_SUPPORTED_EXACT,True,Verified in NL text: exact literal match found.
166732,17.0,assign_to_costs,Yes,TEXT_SUPPORTED_EXACT,TEXT_SUPPORTED_EXACT,True,Verified in NL text: exact literal match found.
166732,18.0,assign_to_costs | assign_to_costs | assign_to_costs,Yes,TEXT_SUPPORTED_EXACT,TEXT_SUPPORTED_EXACT,True,Verified in NL text: exact literal match found.
166732,26.0,assign_to_costs | assign_to_costs | assign_to_costs,Yes,TEXT_SUPPORTED_EXACT,TEXT_SUPPORTED_EXACT,True,Verified in NL text: exact literal match found.
166732,30.0,assign_to_costs | assign_to_costs | assign_to_costs | assign_to_costs,Yes,TEXT_SUPPORTED_EXACT,TEXT_SUPPORTED_EXACT,True,Verified in NL text: exact literal match found.
166732,24.0,assign_to_costs | assign_to_costs,Yes,TEXT_SUPPORTED_EXACT,TEXT_SUPPORTED_EXACT,True,Verified in NL text: exact literal match found.
166732,15.0,assign_to_costs,Yes,TEXT_SUPPORTED_EXACT,TEXT_SUPPORTED_EXACT,True,Verified in NL text: exact literal match found.
166732,22.0,assign_to_costs | assign_to_costs,Yes,TEXT_SUPPORTED_EXACT,TEXT_SUPPORTED_EXACT,True,Verified in NL text: exact literal match found.
166732,16.0,assign_to_costs,Yes,TEXT_SUPPORTED_EXACT,TEXT_SUPPORTED_EXACT,True,Verified in NL text: exact literal match found.
166732,20.0,assign_to_costs,Yes,TEXT_SUPPORTED_EXACT,TEXT_SUPPORTED_EXACT,True,Verified in NL text: exact literal match found.
166732,27.0,assign_to_costs,Yes,TEXT_SUPPORTED_EXACT,TEXT_SUPPORTED_EXACT,True,Verified in NL text: exact literal match found.
166732,29.0,assign_to_costs | assign_to_costs,Yes,TEXT_SUPPORTED_EXACT,TEXT_SUPPORTED_EXACT,True,Verified in NL text: exact literal match found.
166732,23.0,assign_to_costs,Yes,TEXT_SUPPORTED_EXACT,TEXT_SUPPORTED_EXACT,True,Verified in NL text: exact literal match found.
166732,6.0,assign_to_capacity | assign_to_capacity | assign_to_capacity | assign_to_capacity | assign_to_capacity | assign_to_capacity,Yes,TEXT_SUPPORTED_EXACT,TEXT_SUPPORTED_EXACT,True,Verified in NL text: exact literal match found.
166732,7.0,assign_to_capacity | assign_to_capacity | assign_to_capacity | assign_to_capacity | assign_to_capacity,Yes,TEXT_SUPPORTED_EXACT,TEXT_SUPPORTED_EXACT,True,Verified in NL text: exact literal match found.
190957,7.0,assign_to_periods; inside_call_range; in_range,Yes,TEXT_SUPPORTED_NORMALIZED,TEXT_SUPPORTED_NORMALIZED,True,"Verified in NL text: value matches in normalized format (written word, percentage, or currency)."
190957,2.0,assign_to_c | assign_to_c | assign_to_s | assign_to_s | assign_to_h | assign_to_h | assign_to_d | assign_to_d | assign_to_M | assign_to_M,Yes,TEXT_SUPPORTED_NORMALIZED,TEXT_SUPPORTED_NORMALIZED,True,"Verified in NL text: value matches in normalized format (written word, percentage, or currency)."
190957,3.0,assign_to_c | assign_to_c | assign_to_s | assign_to_s | assign_to_h | assign_to_h | assign_to_d | assign_to_d | assign_to_M | assign_to_M,No,ARRAY_OR_DIMENSION_CONSTANT,ARRAY_OR_DIMENSION_CONSTANT,True,"Implementation detail: structural array size or shape parameter (e.g., number of items/facilities)."
190957,4.0,assign_to_c | assign_to_c | assign_to_s | assign_to_s | assign_to_h | assign_to_h | assign_to_h | assign_to_h | assign_to_h | assign_to_h | assign_to_h | assign_to_h | assign_to_h | assign_to_d | assign_to_d | assign_to_M | assign_to_M,Yes,TEXT_SUPPORTED_EXACT,TEXT_SUPPORTED_EXACT,True,Verified in NL text: exact literal match found.
190957,5.0,assign_to_c | assign_to_c | assign_to_s | assign_to_s | assign_to_h | assign_to_h | assign_to_h | assign_to_h | assign_to_h | assign_to_h | assign_to_h | assign_to_h | assign_to_h | assign_to_d | assign_to_d | assign_to_M | assign_to_M,Yes,TEXT_SUPPORTED_EXACT,TEXT_SUPPORTED_EXACT,True,Verified in NL text: exact literal match found.
190957,6.0,assign_to_c | assign_to_c | assign_to_s | assign_to_s | assign_to_h | assign_to_h | assign_to_d | assign_to_d | assign_to_M | assign_to_M | inside_call_model.addConstrs; in_index,Yes,TEXT_SUPPORTED_EXACT,TEXT_SUPPORTED_EXACT,True,Verified in NL text: exact literal match found.
190957,40.0,assign_to_c | assign_to_c,Yes,TEXT_SUPPORTED_EXACT,TEXT_SUPPORTED_EXACT,True,Verified in NL text: exact literal match found.
190957,42.0,assign_to_c | assign_to_c,Yes,TEXT_SUPPORTED_EXACT,TEXT_SUPPORTED_EXACT,True,Verified in NL text: exact literal match found.
190957,49.0,assign_to_c | assign_to_c | assign_to_c,Yes,TEXT_SUPPORTED_EXACT,TEXT_SUPPORTED_EXACT,True,Verified in NL text: exact literal match found.
190957,50.0,assign_to_c | assign_to_c | assign_to_c | assign_to_d,Yes,TEXT_SUPPORTED_EXACT,TEXT_SUPPORTED_EXACT,True,Verified in NL text: exact literal match found.
190957,44.0,assign_to_c | assign_to_c,Yes,TEXT_SUPPORTED_EXACT,TEXT_SUPPORTED_EXACT,True,Verified in NL text: exact literal match found.
190957,46.0,assign_to_c,Yes,TEXT_SUPPORTED_EXACT,TEXT_SUPPORTED_EXACT,True,Verified in NL text: exact literal match found.
190957,41.0,assign_to_c,Yes,TEXT_SUPPORTED_EXACT,TEXT_SUPPORTED_EXACT,True,Verified in NL text: exact literal match found.
190957,1464.0,assign_to_s,Yes,TEXT_SUPPORTED_EXACT,TEXT_SUPPORTED_EXACT,True,Verified in NL text: exact literal match found.
190957,1204.0,assign_to_s,Yes,TEXT_SUPPORTED_EXACT,TEXT_SUPPORTED_EXACT,True,Verified in NL text: exact literal match found.
190957,1072.0,assign_to_s,Yes,TEXT_SUPPORTED_EXACT,TEXT_SUPPORTED_EXACT,True,Verified in NL text: exact literal match found.
190957,1410.0,assign_to_s,Yes,TEXT_SUPPORTED_EXACT,TEXT_SUPPORTED_EXACT,True,Verified in NL text: exact literal match found.
190957,1017.0,assign_to_s,Yes,TEXT_SUPPORTED_EXACT,TEXT_SUPPORTED_EXACT,True,Verified in NL text: exact literal match found.
190957,1493.0,assign_to_s,Yes,TEXT_SUPPORTED_EXACT,TEXT_SUPPORTED_EXACT,True,Verified in NL text: exact literal match found.
190957,1487.0,assign_to_s,Yes,TEXT_SUPPORTED_EXACT,TEXT_SUPPORTED_EXACT,True,Verified in NL text: exact literal match found.
190957,1474.0,assign_to_s,Yes,TEXT_SUPPORTED_EXACT,TEXT_SUPPORTED_EXACT,True,Verified in NL text: exact literal match found.
190957,1373.0,assign_to_s,Yes,TEXT_SUPPORTED_EXACT,TEXT_SUPPORTED_EXACT,True,Verified in NL text: exact literal match found.
190957,1153.0,assign_to_s,Yes,TEXT_SUPPORTED_EXACT,TEXT_SUPPORTED_EXACT,True,Verified in NL text: exact literal match found.
190957,1259.0,assign_to_s,Yes,TEXT_SUPPORTED_EXACT,TEXT_SUPPORTED_EXACT,True,Verified in NL text: exact literal match found.
190957,1282.0,assign_to_s,Yes,TEXT_SUPPORTED_EXACT,TEXT_SUPPORTED_EXACT,True,Verified in NL text: exact literal match found.
190957,1051.0,assign_to_s,Yes,TEXT_SUPPORTED_EXACT,TEXT_SUPPORTED_EXACT,True,Verified in NL text: exact literal match found.
190957,1379.0,assign_to_s,Yes,TEXT_SUPPORTED_EXACT,TEXT_SUPPORTED_EXACT,True,Verified in NL text: exact literal match found.
190957,84.0,assign_to_d | assign_to_d,Yes,TEXT_SUPPORTED_EXACT,TEXT_SUPPORTED_EXACT,True,Verified in NL text: exact literal match found.
190957,94.0,assign_to_d,Yes,TEXT_SUPPORTED_EXACT,TEXT_SUPPORTED_EXACT,True,Verified in NL text: exact literal match found.
190957,65.0,assign_to_d,Yes,TEXT_SUPPORTED_EXACT,TEXT_SUPPORTED_EXACT,True,Verified in NL text: exact literal match found.
190957,56.0,assign_to_d,Yes,TEXT_SUPPORTED_EXACT,TEXT_SUPPORTED_EXACT,True,Verified in NL text: exact literal match found.
190957,91.0,assign_to_d,Yes,TEXT_SUPPORTED_EXACT,TEXT_SUPPORTED_EXACT,True,Verified in NL text: exact literal match found.
190957,58.0,assign_to_d | assign_to_M,Yes,TEXT_SUPPORTED_EXACT,TEXT_SUPPORTED_EXACT,True,Verified in NL text: exact literal match found.
190957,72.0,assign_to_d,Yes,TEXT_SUPPORTED_EXACT,TEXT_SUPPORTED_EXACT,True,Verified in NL text: exact literal match found.
190957,66.0,assign_to_d,Yes,TEXT_SUPPORTED_EXACT,TEXT_SUPPORTED_EXACT,True,Verified in NL text: exact literal match found.
190957,70.0,assign_to_d,Yes,TEXT_SUPPORTED_EXACT,TEXT_SUPPORTED_EXACT,True,Verified in NL text: exact literal match found.
190957,80.0,assign_to_d,Yes,TEXT_SUPPORTED_EXACT,TEXT_SUPPORTED_EXACT,True,Verified in NL text: exact literal match found.
190957,61.0,assign_to_d,Yes,TEXT_SUPPORTED_EXACT,TEXT_SUPPORTED_EXACT,True,Verified in NL text: exact literal match found.
190957,86.0,assign_to_d | assign_to_M,Yes,TEXT_SUPPORTED_EXACT,TEXT_SUPPORTED_EXACT,True,Verified in NL text: exact literal match found.
190957,1066.0,assign_to_C,Yes,TEXT_SUPPORTED_EXACT,TEXT_SUPPORTED_EXACT,True,Verified in NL text: exact literal match found.
190957,1194.0,assign_to_C,Yes,TEXT_SUPPORTED_EXACT,TEXT_SUPPORTED_EXACT,True,Verified in NL text: exact literal match found.
190957,1167.0,assign_to_C,Yes,TEXT_SUPPORTED_EXACT,TEXT_SUPPORTED_EXACT,True,Verified in NL text: exact literal match found.
190957,1086.0,assign_to_C,Yes,TEXT_SUPPORTED_EXACT,TEXT_SUPPORTED_EXACT,True,Verified in NL text: exact literal match found.
190957,1177.0,assign_to_C,Yes,TEXT_SUPPORTED_EXACT,TEXT_SUPPORTED_EXACT,True,Verified in NL text: exact literal match found.
190957,1174.0,assign_to_C,Yes,TEXT_SUPPORTED_EXACT,TEXT_SUPPORTED_EXACT,True,Verified in NL text: exact literal match found.
190957,1140.0,assign_to_C,Yes,TEXT_SUPPORTED_EXACT,TEXT_SUPPORTED_EXACT,True,Verified in NL text: exact literal match found.
190957,1.515619184776458,assign_to_r,Yes,TEXT_SUPPORTED_EXACT,TEXT_SUPPORTED_EXACT,True,Verified in NL text: exact literal match found.
190957,1.507353609390655,assign_to_r,Yes,TEXT_SUPPORTED_EXACT,TEXT_SUPPORTED_EXACT,True,Verified in NL text: exact literal match found.
190957,498.0,assign_to_M,Yes,TEXT_SUPPORTED_EXACT,TEXT_SUPPORTED_EXACT,True,Verified in NL text: exact literal match found.
190957,414.0,assign_to_M,Yes,TEXT_SUPPORTED_EXACT,TEXT_SUPPORTED_EXACT,True,Verified in NL text: exact literal match found.
190957,320.0,assign_to_M,Yes,TEXT_SUPPORTED_EXACT,TEXT_SUPPORTED_EXACT,True,Verified in NL text: exact literal match found.
190957,255.0,assign_to_M,Yes,TEXT_SUPPORTED_EXACT,TEXT_SUPPORTED_EXACT,True,Verified in NL text: exact literal match found.
190957,205.0,assign_to_M,Yes,TEXT_SUPPORTED_EXACT,TEXT_SUPPORTED_EXACT,True,Verified in NL text: exact literal match found.
190957,149.0,assign_to_M,Yes,TEXT_SUPPORTED_EXACT,TEXT_SUPPORTED_EXACT,True,Verified in NL text: exact literal match found.
190957,519.0,assign_to_M,Yes,TEXT_SUPPORTED_EXACT,TEXT_SUPPORTED_EXACT,True,Verified in NL text: exact literal match found.
190957,447.0,assign_to_M,Yes,TEXT_SUPPORTED_EXACT,TEXT_SUPPORTED_EXACT,True,Verified in NL text: exact literal match found.
190957,363.0,assign_to_M,Yes,TEXT_SUPPORTED_EXACT,TEXT_SUPPORTED_EXACT,True,Verified in NL text: exact literal match found.
190957,297.0,assign_to_M,Yes,TEXT_SUPPORTED_EXACT,TEXT_SUPPORTED_EXACT,True,Verified in NL text: exact literal match found.
190957,227.0,assign_to_M,Yes,TEXT_SUPPORTED_EXACT,TEXT_SUPPORTED_EXACT,True,Verified in NL text: exact literal match found.
190957,147.0,assign_to_M,Yes,TEXT_SUPPORTED_EXACT,TEXT_SUPPORTED_EXACT,True,Verified in NL text: exact literal match found.
65693,2.0,assign_to_distances | assign_to_distances | assign_to_distances | assign_to_distances | assign_to_distances | assign_to_distances | assign_to_distances | assign_to_distances,Yes,TEXT_SUPPORTED_EXACT,TEXT_SUPPORTED_EXACT,True,Verified in NL text: exact literal match found.
65693,3.0,assign_to_distances | assign_to_distances | assign_to_distances | assign_to_distances | assign_to_distances | assign_to_distances | assign_to_distances | assign_to_distances | inside_call_model.addConstr,Yes,TEXT_SUPPORTED_EXACT,TEXT_SUPPORTED_EXACT,True,Verified in NL text: exact literal match found.
65693,4.0,assign_to_distances | assign_to_distances | assign_to_distances | assign_to_distances | assign_to_distances | assign_to_distances | assign_to_distances | assign_to_distances,Yes,TEXT_SUPPORTED_EXACT,TEXT_SUPPORTED_EXACT,True,Verified in NL text: exact literal match found.
65693,16.0,assign_to_distances | assign_to_distances,Yes,TEXT_SUPPORTED_EXACT,TEXT_SUPPORTED_EXACT,True,Verified in NL text: exact literal match found.
65693,19.0,assign_to_distances | assign_to_distances | assign_to_distances | assign_to_distances | assign_to_distances | assign_to_distances,Yes,TEXT_SUPPORTED_EXACT,TEXT_SUPPORTED_EXACT,True,Verified in NL text: exact literal match found.
65693,11.0,assign_to_distances | assign_to_distances,Yes,TEXT_SUPPORTED_EXACT,TEXT_SUPPORTED_EXACT,True,Verified in NL text: exact literal match found.
65693,13.0,assign_to_distances | assign_to_distances | assign_to_distances | assign_to_distances,Yes,TEXT_SUPPORTED_EXACT,TEXT_SUPPORTED_EXACT,True,Verified in NL text: exact literal match found.
65693,15.0,assign_to_distances,Yes,TEXT_SUPPORTED_EXACT,TEXT_SUPPORTED_EXACT,True,Verified in NL text: exact literal match found.
65693,10.0,assign_to_distances | assign_to_distances | assign_to_distances,Yes,TEXT_SUPPORTED_EXACT,TEXT_SUPPORTED_EXACT,True,Verified in NL text: exact literal match found.
65693,12.0,assign_to_distances,Yes,TEXT_SUPPORTED_EXACT,TEXT_SUPPORTED_EXACT,True,Verified in NL text: exact literal match found.
65693,17.0,assign_to_distances,Yes,TEXT_SUPPORTED_EXACT,TEXT_SUPPORTED_EXACT,True,Verified in NL text: exact literal match found.
65693,5.0,assign_to_x; inside_call_model.addVars | inside_call_range; in_range | inside_call_range; in_range,Yes,TEXT_SUPPORTED_EXACT,TEXT_SUPPORTED_EXACT,True,Verified in NL text: exact literal match found.
65693,0.5,is_x_compare,No,SOLVER_OR_API_CONSTANT,SOLVER_OR_API_CONSTANT,True,"Implementation detail: Gurobi solver parameter, status constant, or comparison threshold (e.g. status == 2 or x > 0.5)."
147066,10.0,assign_to_y; inside_call_model.addVars | assign_to_x; inside_call_model.addVars | assign_to_x; inside_call_model.addVars | inside_call_range; in_range | inside_call_range; in_range | inside_call_range; in_range | inside_call_range; in_range | inside_call_range; in_range | inside_call_range; in_range | inside_call_range; in_range,Yes,TEXT_SUPPORTED_EXACT,TEXT_SUPPORTED_EXACT,True,Verified in NL text: exact literal match found.
147066,28.0,inside_call_gp.quicksum,Yes,TEXT_SUPPORTED_EXACT,TEXT_SUPPORTED_EXACT,True,Verified in NL text: exact literal match found.
147066,100.0,inside_call_model.addConstr,Yes,TEXT_SUPPORTED_EXACT,TEXT_SUPPORTED_EXACT,True,Verified in NL text: exact literal match found.
147066,0.5,is_x_compare | is_x_compare,No,SOLVER_OR_API_CONSTANT,SOLVER_OR_API_CONSTANT,True,"Implementation detail: Gurobi solver parameter, status constant, or comparison threshold (e.g. status == 2 or x > 0.5)."
195698,2.0,assign_to_employees | assign_to_projects | assign_to_available_hours | assign_to_required_hours | assign_to_costs | assign_to_costs | assign_to_costs | assign_to_costs | assign_to_costs | assign_to_costs | assign_to_costs | assign_to_costs | assign_to_costs | assign_to_costs | assign_to_costs | assign_to_assignment_limits | assign_to_assignment_limits | assign_to_assignment_limits | assign_to_assignment_limits | assign_to_assignment_limits | assign_to_assignment_limits | assign_to_assignment_limits | assign_to_assignment_limits | assign_to_assignment_limits | assign_to_assignment_limits | assign_to_assignment_limits,Yes,TEXT_SUPPORTED_EXACT,TEXT_SUPPORTED_EXACT,True,Verified in NL text: exact literal match found.
195698,3.0,assign_to_employees | assign_to_projects | assign_to_available_hours | assign_to_required_hours | assign_to_costs | assign_to_costs | assign_to_costs | assign_to_costs | assign_to_costs | assign_to_costs | assign_to_costs | assign_to_costs | assign_to_costs | assign_to_costs | assign_to_costs | assign_to_assignment_limits | assign_to_assignment_limits | assign_to_assignment_limits | assign_to_assignment_limits | assign_to_assignment_limits | assign_to_assignment_limits | assign_to_assignment_limits | assign_to_assignment_limits | assign_to_assignment_limits | assign_to_assignment_limits | assign_to_assignment_limits,Yes,TEXT_SUPPORTED_EXACT,TEXT_SUPPORTED_EXACT,True,Verified in NL text: exact literal match found.
195698,4.0,assign_to_employees | assign_to_projects | assign_to_available_hours | assign_to_required_hours | assign_to_costs | assign_to_costs | assign_to_costs | assign_to_costs | assign_to_costs | assign_to_costs | assign_to_costs | assign_to_costs | assign_to_costs | assign_to_costs | assign_to_costs | assign_to_assignment_limits | assign_to_assignment_limits | assign_to_assignment_limits | assign_to_assignment_limits | assign_to_assignment_limits | assign_to_assignment_limits | assign_to_assignment_limits | assign_to_assignment_limits | assign_to_assignment_limits | assign_to_assignment_limits | assign_to_assignment_limits | assign_to_assignment_limits | assign_to_assignment_limits | assign_to_assignment_limits | assign_to_assignment_limits | assign_to_assignment_limits,Yes,TEXT_SUPPORTED_EXACT,TEXT_SUPPORTED_EXACT,True,Verified in NL text: exact literal match found.
195698,5.0,assign_to_employees | assign_to_available_hours | assign_to_costs | assign_to_costs | assign_to_costs | assign_to_costs | assign_to_costs | assign_to_assignment_limits | assign_to_assignment_limits | assign_to_assignment_limits | assign_to_assignment_limits | assign_to_assignment_limits | assign_to_assignment_limits | assign_to_assignment_limits | assign_to_assignment_limits | assign_to_assignment_limits | assign_to_assignment_limits | assign_to_assignment_limits | assign_to_assignment_limits | assign_to_assignment_limits | assign_to_assignment_limits | assign_to_assignment_limits,Yes,TEXT_SUPPORTED_EXACT,TEXT_SUPPORTED_EXACT,True,Verified in NL text: exact literal match found.
195698,8.0,assign_to_available_hours | assign_to_available_hours | assign_to_available_hours | assign_to_available_hours | assign_to_required_hours | assign_to_assignment_limits | assign_to_assignment_limits | assign_to_assignment_limits,Yes,TEXT_SUPPORTED_EXACT,TEXT_SUPPORTED_EXACT,True,Verified in NL text: exact literal match found.
195698,9.0,assign_to_available_hours,Yes,TEXT_SUPPORTED_EXACT,TEXT_SUPPORTED_EXACT,True,Verified in NL text: exact literal match found.
195698,11.0,assign_to_available_hours,Yes,TEXT_SUPPORTED_EXACT,TEXT_SUPPORTED_EXACT,True,Verified in NL text: exact literal match found.
195698,12.0,assign_to_required_hours | assign_to_required_hours,Yes,TEXT_SUPPORTED_EXACT,TEXT_SUPPORTED_EXACT,True,Verified in NL text: exact literal match found.
195698,10.0,assign_to_required_hours | assign_to_required_hours,Yes,TEXT_SUPPORTED_EXACT,TEXT_SUPPORTED_EXACT,True,Verified in NL text: exact literal match found.
195698,30.0,assign_to_costs | assign_to_costs | assign_to_costs | assign_to_costs,Yes,TEXT_SUPPORTED_EXACT,TEXT_SUPPORTED_EXACT,True,Verified in NL text: exact literal match found.
195698,21.0,assign_to_costs | assign_to_costs,Yes,TEXT_SUPPORTED_EXACT,TEXT_SUPPORTED_EXACT,True,Verified in NL text: exact literal match found.
195698,26.0,assign_to_costs | assign_to_costs | assign_to_costs,Yes,TEXT_SUPPORTED_EXACT,TEXT_SUPPORTED_EXACT,True,Verified in NL text: exact literal match found.
195698,23.0,assign_to_costs,Yes,TEXT_SUPPORTED_EXACT,TEXT_SUPPORTED_EXACT,True,Verified in NL text: exact literal match found.
195698,16.0,assign_to_costs | assign_to_costs | assign_to_costs,Yes,TEXT_SUPPORTED_EXACT,TEXT_SUPPORTED_EXACT,True,Verified in NL text: exact literal match found.
195698,18.0,assign_to_costs,Yes,TEXT_SUPPORTED_EXACT,TEXT_SUPPORTED_EXACT,True,Verified in NL text: exact literal match found.
195698,22.0,assign_to_costs | assign_to_costs | assign_to_costs | assign_to_costs,Yes,TEXT_SUPPORTED_EXACT,TEXT_SUPPORTED_EXACT,True,Verified in NL text: exact literal match found.
195698,29.0,assign_to_costs | assign_to_costs | assign_to_costs | assign_to_costs | assign_to_costs | assign_to_costs,Yes,TEXT_SUPPORTED_EXACT,TEXT_SUPPORTED_EXACT,True,Verified in NL text: exact literal match found.
195698,28.0,assign_to_costs,Yes,TEXT_SUPPORTED_EXACT,TEXT_SUPPORTED_EXACT,True,Verified in NL text: exact literal match found.
195698,17.0,assign_to_costs,Yes,TEXT_SUPPORTED_EXACT,TEXT_SUPPORTED_EXACT,True,Verified in NL text: exact literal match found.
195698,25.0,assign_to_costs,Yes,TEXT_SUPPORTED_EXACT,TEXT_SUPPORTED_EXACT,True,Verified in NL text: exact literal match found.
195698,24.0,assign_to_costs,Yes,TEXT_SUPPORTED_EXACT,TEXT_SUPPORTED_EXACT,True,Verified in NL text: exact literal match found.
195698,20.0,assign_to_costs,Yes,TEXT_SUPPORTED_EXACT,TEXT_SUPPORTED_EXACT,True,Verified in NL text: exact literal match found.
195698,15.0,assign_to_costs,Yes,TEXT_SUPPORTED_EXACT,TEXT_SUPPORTED_EXACT,True,Verified in NL text: exact literal match found.
195698,7.0,assign_to_assignment_limits | assign_to_assignment_limits | assign_to_assignment_limits | assign_to_assignment_limits | assign_to_assignment_limits | assign_to_assignment_limits | assign_to_assignment_limits | assign_to_assignment_limits | assign_to_assignment_limits | assign_to_assignment_limits,Yes,TEXT_SUPPORTED_EXACT,TEXT_SUPPORTED_EXACT,True,Verified in NL text: exact literal match found.
195698,6.0,assign_to_assignment_limits | assign_to_assignment_limits,Yes,TEXT_SUPPORTED_EXACT,TEXT_SUPPORTED_EXACT,True,Verified in NL text: exact literal match found.
78041,2.0,assign_to_employees | assign_to_projects | assign_to_availability | assign_to_requirements | assign_to_costs | assign_to_costs | assign_to_costs | assign_to_costs | assign_to_costs | assign_to_costs | assign_to_costs | assign_to_costs | assign_to_costs | assign_to_costs | assign_to_costs | assign_to_costs | assign_to_limits | assign_to_limits | assign_to_limits | assign_to_limits | assign_to_limits | assign_to_limits | assign_to_limits | assign_to_limits | assign_to_limits | assign_to_limits | assign_to_limits | assign_to_limits,Yes,TEXT_SUPPORTED_EXACT,TEXT_SUPPORTED_EXACT,True,Verified in NL text: exact literal match found.
78041,3.0,assign_to_employees | assign_to_projects | assign_to_availability | assign_to_requirements | assign_to_costs | assign_to_costs | assign_to_costs | assign_to_costs | assign_to_costs | assign_to_costs | assign_to_costs | assign_to_costs | assign_to_costs | assign_to_costs | assign_to_costs | assign_to_costs | assign_to_limits | assign_to_limits | assign_to_limits | assign_to_limits | assign_to_limits | assign_to_limits | assign_to_limits | assign_to_limits | assign_to_limits | assign_to_limits | assign_to_limits | assign_to_limits,Yes,TEXT_SUPPORTED_EXACT,TEXT_SUPPORTED_EXACT,True,Verified in NL text: exact literal match found.
78041,4.0,assign_to_employees | assign_to_projects | assign_to_availability | assign_to_requirements | assign_to_costs | assign_to_costs | assign_to_costs | assign_to_costs | assign_to_costs | assign_to_costs | assign_to_costs | assign_to_costs | assign_to_costs | assign_to_costs | assign_to_costs | assign_to_costs | assign_to_limits | assign_to_limits | assign_to_limits | assign_to_limits | assign_to_limits | assign_to_limits | assign_to_limits | assign_to_limits | assign_to_limits | assign_to_limits | assign_to_limits | assign_to_limits | assign_to_limits | assign_to_limits | assign_to_limits,Yes,TEXT_SUPPORTED_EXACT,TEXT_SUPPORTED_EXACT,True,Verified in NL text: exact literal match found.
78041,5.0,assign_to_employees | assign_to_projects | assign_to_availability | assign_to_requirements | assign_to_costs | assign_to_costs | assign_to_costs | assign_to_costs | assign_to_costs | assign_to_costs | assign_to_costs | assign_to_costs | assign_to_costs | assign_to_costs | assign_to_costs | assign_to_costs | assign_to_limits | assign_to_limits | assign_to_limits | assign_to_limits | assign_to_limits | assign_to_limits | assign_to_limits | assign_to_limits | assign_to_limits | assign_to_limits | assign_to_limits | assign_to_limits | assign_to_limits | assign_to_limits | assign_to_limits | assign_to_limits | assign_to_limits | assign_to_limits | assign_to_limits | assign_to_limits,Yes,TEXT_SUPPORTED_EXACT,TEXT_SUPPORTED_EXACT,True,Verified in NL text: exact literal match found.
78041,9.0,assign_to_availability,Yes,TEXT_SUPPORTED_EXACT,TEXT_SUPPORTED_EXACT,True,Verified in NL text: exact literal match found.
78041,10.0,assign_to_availability,Yes,TEXT_SUPPORTED_EXACT,TEXT_SUPPORTED_EXACT,True,Verified in NL text: exact literal match found.
78041,8.0,assign_to_availability | assign_to_availability | assign_to_requirements | assign_to_requirements | assign_to_requirements | assign_to_limits | assign_to_limits | assign_to_limits | assign_to_limits | assign_to_limits | assign_to_limits | assign_to_limits,Yes,TEXT_SUPPORTED_EXACT,TEXT_SUPPORTED_EXACT,True,Verified in NL text: exact literal match found.
78041,11.0,assign_to_availability | assign_to_requirements | assign_to_requirements,Yes,TEXT_SUPPORTED_EXACT,TEXT_SUPPORTED_EXACT,True,Verified in NL text: exact literal match found.
78041,12.0,assign_to_availability | assign_to_requirements,Yes,TEXT_SUPPORTED_EXACT,TEXT_SUPPORTED_EXACT,True,Verified in NL text: exact literal match found.
78041,28.0,assign_to_costs | assign_to_costs,Yes,TEXT_SUPPORTED_EXACT,TEXT_SUPPORTED_EXACT,True,Verified in NL text: exact literal match found.
78041,23.0,assign_to_costs | assign_to_costs | assign_to_costs | assign_to_costs,Yes,TEXT_SUPPORTED_EXACT,TEXT_SUPPORTED_EXACT,True,Verified in NL text: exact literal match found.
78041,22.0,assign_to_costs | assign_to_costs,Yes,TEXT_SUPPORTED_EXACT,TEXT_SUPPORTED_EXACT,True,Verified in NL text: exact literal match found.
78041,24.0,assign_to_costs | assign_to_costs | assign_to_costs | assign_to_costs | assign_to_costs,Yes,TEXT_SUPPORTED_EXACT,TEXT_SUPPORTED_EXACT,True,Verified in NL text: exact literal match found.
78041,20.0,assign_to_costs | assign_to_costs,Yes,TEXT_SUPPORTED_EXACT,TEXT_SUPPORTED_EXACT,True,Verified in NL text: exact literal match found.
78041,26.0,assign_to_costs | assign_to_costs | assign_to_costs,Yes,TEXT_SUPPORTED_EXACT,TEXT_SUPPORTED_EXACT,True,Verified in NL text: exact literal match found.
78041,21.0,assign_to_costs | assign_to_costs,Yes,TEXT_SUPPORTED_EXACT,TEXT_SUPPORTED_EXACT,True,Verified in NL text: exact literal match found.
78041,16.0,assign_to_costs,Yes,TEXT_SUPPORTED_EXACT,TEXT_SUPPORTED_EXACT,True,Verified in NL text: exact literal match found.
78041,15.0,assign_to_costs | assign_to_costs | assign_to_costs,Yes,TEXT_SUPPORTED_EXACT,TEXT_SUPPORTED_EXACT,True,Verified in NL text: exact literal match found.
78041,29.0,assign_to_costs | assign_to_costs,Yes,TEXT_SUPPORTED_EXACT,TEXT_SUPPORTED_EXACT,True,Verified in NL text: exact literal match found.
78041,27.0,assign_to_costs | assign_to_costs | assign_to_costs,Yes,TEXT_SUPPORTED_EXACT,TEXT_SUPPORTED_EXACT,True,Verified in NL text: exact literal match found.
78041,30.0,assign_to_costs | assign_to_costs | assign_to_costs,Yes,TEXT_SUPPORTED_EXACT,TEXT_SUPPORTED_EXACT,True,Verified in NL text: exact literal match found.
78041,17.0,assign_to_costs | assign_to_costs,Yes,TEXT_SUPPORTED_EXACT,TEXT_SUPPORTED_EXACT,True,Verified in NL text: exact literal match found.
78041,19.0,assign_to_costs,Yes,TEXT_SUPPORTED_EXACT,TEXT_SUPPORTED_EXACT,True,Verified in NL text: exact literal match found.
78041,18.0,assign_to_costs,Yes,TEXT_SUPPORTED_EXACT,TEXT_SUPPORTED_EXACT,True,Verified in NL text: exact literal match found.
78041,7.0,assign_to_limits | assign_to_limits | assign_to_limits | assign_to_limits | assign_to_limits | assign_to_limits | assign_to_limits,Yes,TEXT_SUPPORTED_EXACT,TEXT_SUPPORTED_EXACT,True,Verified in NL text: exact literal match found.
78041,6.0,assign_to_limits | assign_to_limits | assign_to_limits | assign_to_limits | assign_to_limits | assign_to_limits | assign_to_limits | assign_to_limits | assign_to_limits | assign_to_limits | assign_to_limits,Yes,TEXT_SUPPORTED_EXACT,TEXT_SUPPORTED_EXACT,True,Verified in NL text: exact literal match found.
96711,2.0,assign_to_distances | assign_to_distances | assign_to_distances | assign_to_distances | assign_to_distances | assign_to_distances | assign_to_distances | assign_to_distances | inside_call_model.addConstr,Yes,TEXT_SUPPORTED_EXACT,TEXT_SUPPORTED_EXACT,True,Verified in NL text: exact literal match found.
96711,3.0,assign_to_distances | assign_to_distances | assign_to_distances | assign_to_distances | assign_to_distances | assign_to_distances | assign_to_distances | assign_to_distances,Yes,TEXT_SUPPORTED_EXACT,TEXT_SUPPORTED_EXACT,True,Verified in NL text: exact literal match found.
96711,4.0,assign_to_distances | assign_to_distances | assign_to_distances | assign_to_distances | assign_to_distances | assign_to_distances | assign_to_distances | assign_to_distances,Yes,TEXT_SUPPORTED_EXACT,TEXT_SUPPORTED_EXACT,True,Verified in NL text: exact literal match found.
96711,33.0,assign_to_distances,Yes,TEXT_SUPPORTED_EXACT,TEXT_SUPPORTED_EXACT,True,Verified in NL text: exact literal match found.
96711,44.0,assign_to_distances | assign_to_distances,Yes,TEXT_SUPPORTED_EXACT,TEXT_SUPPORTED_EXACT,True,Verified in NL text: exact literal match found.
96711,14.0,assign_to_distances | assign_to_distances,Yes,TEXT_SUPPORTED_EXACT,TEXT_SUPPORTED_EXACT,True,Verified in NL text: exact literal match found.
96711,36.0,assign_to_distances | assign_to_distances,Yes,TEXT_SUPPORTED_EXACT,TEXT_SUPPORTED_EXACT,True,Verified in NL text: exact literal match found.
96711,10.0,assign_to_distances,Yes,TEXT_SUPPORTED_EXACT,TEXT_SUPPORTED_EXACT,True,Verified in NL text: exact literal match found.
96711,49.0,assign_to_distances | assign_to_distances,Yes,TEXT_SUPPORTED_EXACT,TEXT_SUPPORTED_EXACT,True,Verified in NL text: exact literal match found.
96711,22.0,assign_to_distances,Yes,TEXT_SUPPORTED_EXACT,TEXT_SUPPORTED_EXACT,True,Verified in NL text: exact literal match found.
96711,39.0,assign_to_distances,Yes,TEXT_SUPPORTED_EXACT,TEXT_SUPPORTED_EXACT,True,Verified in NL text: exact literal match found.
96711,11.0,assign_to_distances,Yes,TEXT_SUPPORTED_EXACT,TEXT_SUPPORTED_EXACT,True,Verified in NL text: exact literal match found.
96711,46.0,assign_to_distances,Yes,TEXT_SUPPORTED_EXACT,TEXT_SUPPORTED_EXACT,True,Verified in NL text: exact literal match found.
96711,28.0,assign_to_distances,Yes,TEXT_SUPPORTED_EXACT,TEXT_SUPPORTED_EXACT,True,Verified in NL text: exact literal match found.
96711,12.0,assign_to_distances,Yes,TEXT_SUPPORTED_EXACT,TEXT_SUPPORTED_EXACT,True,Verified in NL text: exact literal match found.
96711,23.0,assign_to_distances,Yes,TEXT_SUPPORTED_EXACT,TEXT_SUPPORTED_EXACT,True,Verified in NL text: exact literal match found.
96711,38.0,assign_to_distances,Yes,TEXT_SUPPORTED_EXACT,TEXT_SUPPORTED_EXACT,True,Verified in NL text: exact literal match found.
96711,24.0,assign_to_distances,Yes,TEXT_SUPPORTED_EXACT,TEXT_SUPPORTED_EXACT,True,Verified in NL text: exact literal match found.
96711,32.0,assign_to_distances,Yes,TEXT_SUPPORTED_EXACT,TEXT_SUPPORTED_EXACT,True,Verified in NL text: exact literal match found.
96711,5.0,assign_to_x; inside_call_model.addVars | assign_to_y; inside_call_range; in_range; in_comprehension | assign_to_y; inside_call_range; in_range; in_comprehension | inside_call_range; in_range | inside_call_range; in_range | inside_call_range; in_range | inside_call_range; in_range | inside_call_range; in_range | inside_call_range; in_range,Yes,TEXT_SUPPORTED_EXACT,TEXT_SUPPORTED_EXACT,True,Verified in NL text: exact literal match found.
96711,1000000.0,inside_call_model.addConstr,Yes,TEXT_SUPPORTED_EXACT,TEXT_SUPPORTED_EXACT,True,Verified in NL text: exact literal match found.
96711,0.5,is_x_compare,No,SOLVER_OR_API_CONSTANT,SOLVER_OR_API_CONSTANT,True,"Implementation detail: Gurobi solver parameter, status constant, or comparison threshold (e.g. status == 2 or x > 0.5)."
186863,2.0,assign_to_peaks | assign_to_amino_acids | assign_to_cost | assign_to_cost | assign_to_cost | assign_to_cost | assign_to_cost | assign_to_cost | assign_to_cost | assign_to_cost | assign_to_cost | assign_to_restricted_pairs,Yes,TEXT_SUPPORTED_EXACT,TEXT_SUPPORTED_EXACT,True,Verified in NL text: exact literal match found.
186863,3.0,assign_to_peaks | assign_to_amino_acids | assign_to_cost | assign_to_cost | assign_to_cost | assign_to_cost | assign_to_cost | assign_to_cost | assign_to_cost | assign_to_cost | assign_to_cost | assign_to_restricted_pairs | assign_to_restricted_pairs | inside_call_model.addConstr,Yes,TEXT_SUPPORTED_EXACT,TEXT_SUPPORTED_EXACT,True,Verified in NL text: exact literal match found.
186863,4.0,assign_to_amino_acids | assign_to_cost | assign_to_cost | assign_to_cost | assign_to_cost,Yes,TEXT_SUPPORTED_EXACT,TEXT_SUPPORTED_EXACT,True,Verified in NL text: exact literal match found.
186863,0.5677,assign_to_cost,Yes,TEXT_SUPPORTED_EXACT,TEXT_SUPPORTED_EXACT,True,Verified in NL text: exact literal match found.
186863,0.6364,assign_to_cost,Yes,TEXT_SUPPORTED_EXACT,TEXT_SUPPORTED_EXACT,True,Verified in NL text: exact literal match found.
186863,0.5002,assign_to_cost,Yes,TEXT_SUPPORTED_EXACT,TEXT_SUPPORTED_EXACT,True,Verified in NL text: exact literal match found.
186863,0.6282,assign_to_cost,Yes,TEXT_SUPPORTED_EXACT,TEXT_SUPPORTED_EXACT,True,Verified in NL text: exact literal match found.
186863,0.5782,assign_to_cost,Yes,TEXT_SUPPORTED_EXACT,TEXT_SUPPORTED_EXACT,True,Verified in NL text: exact literal match found.
186863,0.6714,assign_to_cost,Yes,TEXT_SUPPORTED_EXACT,TEXT_SUPPORTED_EXACT,True,Verified in NL text: exact literal match found.
186863,0.5052,assign_to_cost,Yes,TEXT_SUPPORTED_EXACT,TEXT_SUPPORTED_EXACT,True,Verified in NL text: exact literal match found.
186863,0.6151,assign_to_cost,Yes,TEXT_SUPPORTED_EXACT,TEXT_SUPPORTED_EXACT,True,Verified in NL text: exact literal match found.
186863,0.5468,assign_to_cost,Yes,TEXT_SUPPORTED_EXACT,TEXT_SUPPORTED_EXACT,True,Verified in NL text: exact literal match found.
186863,0.5103,assign_to_cost,Yes,TEXT_SUPPORTED_EXACT,TEXT_SUPPORTED_EXACT,True,Verified in NL text: exact literal match found.
186863,0.6864,assign_to_cost,Yes,TEXT_SUPPORTED_EXACT,TEXT_SUPPORTED_EXACT,True,Verified in NL text: exact literal match found.
186863,0.5079,assign_to_cost,Yes,TEXT_SUPPORTED_EXACT,TEXT_SUPPORTED_EXACT,True,Verified in NL text: exact literal match found.
186863,0.643,assign_to_cost,Yes,TEXT_SUPPORTED_EXACT,TEXT_SUPPORTED_EXACT,True,Verified in NL text: exact literal match found.
186863,0.5703,assign_to_cost | assign_to_cost,Yes,TEXT_SUPPORTED_EXACT,TEXT_SUPPORTED_EXACT,True,Verified in NL text: exact literal match found.
186863,0.6988,assign_to_cost,Yes,TEXT_SUPPORTED_EXACT,TEXT_SUPPORTED_EXACT,True,Verified in NL text: exact literal match found.
186863,0.6588,assign_to_cost,Yes,TEXT_SUPPORTED_EXACT,TEXT_SUPPORTED_EXACT,True,Verified in NL text: exact literal match found.
186863,0.665,assign_to_cost,Yes,TEXT_SUPPORTED_EXACT,TEXT_SUPPORTED_EXACT,True,Verified in NL text: exact literal match found.
186863,0.5605,assign_to_cost,Yes,TEXT_SUPPORTED_EXACT,TEXT_SUPPORTED_EXACT,True,Verified in NL text: exact literal match found.
186863,0.5658,assign_to_cost,Yes,TEXT_SUPPORTED_EXACT,TEXT_SUPPORTED_EXACT,True,Verified in NL text: exact literal match found.
186863,0.5,is_x_compare,No,SOLVER_OR_API_CONSTANT,SOLVER_OR_API_CONSTANT,True,"Implementation detail: Gurobi solver parameter, status constant, or comparison threshold (e.g. status == 2 or x > 0.5)."
179143,2.0,assign_to_producers | assign_to_contracts | assign_to_capacity | assign_to_requirement | assign_to_min_delivery | assign_to_cost | assign_to_cost | assign_to_cost | assign_to_cost | assign_to_cost | assign_to_cost | assign_to_cost | inside_call_model.addConstr,Yes,TEXT_SUPPORTED_EXACT,TEXT_SUPPORTED_EXACT,True,Verified in NL text: exact literal match found.
179143,3.0,assign_to_contracts | assign_to_requirement | assign_to_cost | assign_to_cost | assign_to_cost,Yes,TEXT_SUPPORTED_EXACT,TEXT_SUPPORTED_EXACT,True,Verified in NL text: exact literal match found.
179143,1599.0,assign_to_capacity,Yes,TEXT_SUPPORTED_EXACT,TEXT_SUPPORTED_EXACT,True,Verified in NL text: exact literal match found.
179143,1590.0,assign_to_capacity,Yes,TEXT_SUPPORTED_EXACT,TEXT_SUPPORTED_EXACT,True,Verified in NL text: exact literal match found.
179143,1572.0,assign_to_capacity,Yes,TEXT_SUPPORTED_EXACT,TEXT_SUPPORTED_EXACT,True,Verified in NL text: exact literal match found.
179143,842.0,assign_to_requirement,Yes,TEXT_SUPPORTED_EXACT,TEXT_SUPPORTED_EXACT,True,Verified in NL text: exact literal match found.
179143,820.0,assign_to_requirement,Yes,TEXT_SUPPORTED_EXACT,TEXT_SUPPORTED_EXACT,True,Verified in NL text: exact literal match found.
179143,821.0,assign_to_requirement,Yes,TEXT_SUPPORTED_EXACT,TEXT_SUPPORTED_EXACT,True,Verified in NL text: exact literal match found.
179143,823.0,assign_to_requirement,Yes,TEXT_SUPPORTED_EXACT,TEXT_SUPPORTED_EXACT,True,Verified in NL text: exact literal match found.
179143,399.0,assign_to_min_delivery,Yes,TEXT_SUPPORTED_EXACT,TEXT_SUPPORTED_EXACT,True,Verified in NL text: exact literal match found.
179143,397.0,assign_to_min_delivery,Yes,TEXT_SUPPORTED_EXACT,TEXT_SUPPORTED_EXACT,True,Verified in NL text: exact literal match found.
179143,393.0,assign_to_min_delivery,Yes,TEXT_SUPPORTED_EXACT,TEXT_SUPPORTED_EXACT,True,Verified in NL text: exact literal match found.
179143,31.0,assign_to_cost | assign_to_cost | assign_to_cost,Yes,TEXT_SUPPORTED_EXACT,TEXT_SUPPORTED_EXACT,True,Verified in NL text: exact literal match found.
179143,30.0,assign_to_cost | assign_to_cost | assign_to_cost | assign_to_cost | assign_to_cost,Yes,TEXT_SUPPORTED_EXACT,TEXT_SUPPORTED_EXACT,True,Verified in NL text: exact literal match found.
179143,32.0,assign_to_cost | assign_to_cost | assign_to_cost | assign_to_cost,Yes,TEXT_SUPPORTED_EXACT,TEXT_SUPPORTED_EXACT,True,Verified in NL text: exact literal match found.
11704,2.0,assign_to_persons | assign_to_projects | assign_to_availability | assign_to_required_effort | assign_to_cost | assign_to_cost | assign_to_cost | assign_to_cost | assign_to_cost | assign_to_cost | assign_to_cost | assign_to_cost | assign_to_cost | assign_to_cost | assign_to_capacity | assign_to_capacity | assign_to_capacity | assign_to_capacity | assign_to_capacity | assign_to_capacity | assign_to_capacity | assign_to_capacity | assign_to_capacity | assign_to_capacity,Yes,TEXT_SUPPORTED_EXACT,TEXT_SUPPORTED_EXACT,True,Verified in NL text: exact literal match found.
11704,3.0,assign_to_persons | assign_to_projects | assign_to_availability | assign_to_required_effort | assign_to_cost | assign_to_cost | assign_to_cost | assign_to_cost | assign_to_cost | assign_to_cost | assign_to_cost | assign_to_cost | assign_to_cost | assign_to_cost | assign_to_capacity | assign_to_capacity | assign_to_capacity | assign_to_capacity | assign_to_capacity | assign_to_capacity | assign_to_capacity | assign_to_capacity | assign_to_capacity | assign_to_capacity,Yes,TEXT_SUPPORTED_EXACT,TEXT_SUPPORTED_EXACT,True,Verified in NL text: exact literal match found.
11704,4.0,assign_to_persons | assign_to_projects | assign_to_availability | assign_to_required_effort | assign_to_cost | assign_to_cost | assign_to_cost | assign_to_cost | assign_to_cost | assign_to_cost | assign_to_cost | assign_to_cost | assign_to_cost | assign_to_cost | assign_to_capacity | assign_to_capacity | assign_to_capacity | assign_to_capacity | assign_to_capacity | assign_to_capacity | assign_to_capacity | assign_to_capacity | assign_to_capacity | assign_to_capacity | assign_to_capacity | assign_to_capacity | assign_to_capacity | assign_to_capacity | assign_to_capacity | assign_to_capacity,Yes,TEXT_SUPPORTED_EXACT,TEXT_SUPPORTED_EXACT,True,Verified in NL text: exact literal match found.
11704,12.0,assign_to_availability | assign_to_required_effort | assign_to_required_effort | assign_to_required_effort,Yes,TEXT_SUPPORTED_EXACT,TEXT_SUPPORTED_EXACT,True,Verified in NL text: exact literal match found.
11704,11.0,assign_to_availability | assign_to_availability,Yes,TEXT_SUPPORTED_EXACT,TEXT_SUPPORTED_EXACT,True,Verified in NL text: exact literal match found.
11704,10.0,assign_to_availability,Yes,TEXT_SUPPORTED_EXACT,TEXT_SUPPORTED_EXACT,True,Verified in NL text: exact literal match found.
11704,8.0,assign_to_availability | assign_to_capacity | assign_to_capacity,Yes,TEXT_SUPPORTED_EXACT,TEXT_SUPPORTED_EXACT,True,Verified in NL text: exact literal match found.
11704,7.0,assign_to_required_effort | assign_to_capacity | assign_to_capacity | assign_to_capacity | assign_to_capacity,Yes,TEXT_SUPPORTED_EXACT,TEXT_SUPPORTED_EXACT,True,Verified in NL text: exact literal match found.
11704,9.0,assign_to_required_effort,Yes,TEXT_SUPPORTED_EXACT,TEXT_SUPPORTED_EXACT,True,Verified in NL text: exact literal match found.
11704,22.0,assign_to_cost | assign_to_cost,Yes,TEXT_SUPPORTED_EXACT,TEXT_SUPPORTED_EXACT,True,Verified in NL text: exact literal match found.
11704,19.0,assign_to_cost,Yes,TEXT_SUPPORTED_EXACT,TEXT_SUPPORTED_EXACT,True,Verified in NL text: exact literal match found.
11704,23.0,assign_to_cost | assign_to_cost | assign_to_cost,Yes,TEXT_SUPPORTED_EXACT,TEXT_SUPPORTED_EXACT,True,Verified in NL text: exact literal match found.
11704,26.0,assign_to_cost,Yes,TEXT_SUPPORTED_EXACT,TEXT_SUPPORTED_EXACT,True,Verified in NL text: exact literal match found.
11704,28.0,assign_to_cost,Yes,TEXT_SUPPORTED_EXACT,TEXT_SUPPORTED_EXACT,True,Verified in NL text: exact literal match found.
11704,16.0,assign_to_cost,Yes,TEXT_SUPPORTED_EXACT,TEXT_SUPPORTED_EXACT,True,Verified in NL text: exact literal match found.
11704,24.0,assign_to_cost,Yes,TEXT_SUPPORTED_EXACT,TEXT_SUPPORTED_EXACT,True,Verified in NL text: exact literal match found.
11704,20.0,assign_to_cost | assign_to_cost | assign_to_cost,Yes,TEXT_SUPPORTED_EXACT,TEXT_SUPPORTED_EXACT,True,Verified in NL text: exact literal match found.
11704,15.0,assign_to_cost,Yes,TEXT_SUPPORTED_EXACT,TEXT_SUPPORTED_EXACT,True,Verified in NL text: exact literal match found.
11704,25.0,assign_to_cost | assign_to_cost,Yes,TEXT_SUPPORTED_EXACT,TEXT_SUPPORTED_EXACT,True,Verified in NL text: exact literal match found.
11704,21.0,assign_to_cost | assign_to_cost | assign_to_cost,Yes,TEXT_SUPPORTED_EXACT,TEXT_SUPPORTED_EXACT,True,Verified in NL text: exact literal match found.
11704,30.0,assign_to_cost | assign_to_cost | assign_to_cost,Yes,TEXT_SUPPORTED_EXACT,TEXT_SUPPORTED_EXACT,True,Verified in NL text: exact literal match found.
11704,18.0,assign_to_cost,Yes,TEXT_SUPPORTED_EXACT,TEXT_SUPPORTED_EXACT,True,Verified in NL text: exact literal match found.
11704,29.0,assign_to_cost,Yes,TEXT_SUPPORTED_EXACT,TEXT_SUPPORTED_EXACT,True,Verified in NL text: exact literal match found.
11704,27.0,assign_to_cost,Yes,TEXT_SUPPORTED_EXACT,TEXT_SUPPORTED_EXACT,True,Verified in NL text: exact literal match found.
11704,5.0,assign_to_capacity | assign_to_capacity | assign_to_capacity | assign_to_capacity | assign_to_capacity | assign_to_capacity | assign_to_capacity,Yes,TEXT_SUPPORTED_EXACT,TEXT_SUPPORTED_EXACT,True,Verified in NL text: exact literal match found.
11704,6.0,assign_to_capacity | assign_to_capacity | assign_to_capacity | assign_to_capacity | assign_to_capacity | assign_to_capacity,Yes,TEXT_SUPPORTED_EXACT,TEXT_SUPPORTED_EXACT,True,Verified in NL text: exact literal match found.
142523,2.0,assign_to_cities | assign_to_supply_demand | assign_to_supply_demand | assign_to_supply_demand | assign_to_supply_demand | assign_to_supply_demand | assign_to_product_capacity | assign_to_product_capacity | assign_to_product_capacity | assign_to_product_capacity | assign_to_product_capacity | assign_to_product_capacity | assign_to_product_capacity | assign_to_product_capacity,Yes,TEXT_SUPPORTED_EXACT,TEXT_SUPPORTED_EXACT,True,Verified in NL text: exact literal match found.
142523,5.0,assign_to_shipping_cost,Yes,TEXT_SUPPORTED_EXACT,TEXT_SUPPORTED_EXACT,True,Verified in NL text: exact literal match found.
142523,-4.0,assign_to_supply_demand,Yes,TEXT_SUPPORTED_DERIVED,TEXT_SUPPORTED_DERIVED,True,Verified in NL text: value derived deterministically (e.g. negated objective coefficient or multiplier).
142523,-2.0,assign_to_supply_demand,Yes,TEXT_SUPPORTED_DERIVED,TEXT_SUPPORTED_DERIVED,True,Verified in NL text: value derived deterministically (e.g. negated objective coefficient or multiplier).
142523,123.0,assign_to_joint_capacity,Yes,TEXT_SUPPORTED_EXACT,TEXT_SUPPORTED_EXACT,True,Verified in NL text: exact literal match found.
142523,74.0,assign_to_product_capacity | assign_to_product_capacity | assign_to_product_capacity,Yes,TEXT_SUPPORTED_EXACT,TEXT_SUPPORTED_EXACT,True,Verified in NL text: exact literal match found.
142523,75.0,assign_to_product_capacity | assign_to_product_capacity,Yes,TEXT_SUPPORTED_EXACT,TEXT_SUPPORTED_EXACT,True,Verified in NL text: exact literal match found.
142523,71.0,assign_to_product_capacity | assign_to_product_capacity,Yes,TEXT_SUPPORTED_EXACT,TEXT_SUPPORTED_EXACT,True,Verified in NL text: exact literal match found.
142523,72.0,assign_to_product_capacity,Yes,TEXT_SUPPORTED_EXACT,TEXT_SUPPORTED_EXACT,True,Verified in NL text: exact literal match found.
142523,70.0,assign_to_product_capacity | assign_to_product_capacity,Yes,TEXT_SUPPORTED_EXACT,TEXT_SUPPORTED_EXACT,True,Verified in NL text: exact literal match found.
142523,73.0,assign_to_product_capacity | assign_to_product_capacity,Yes,TEXT_SUPPORTED_EXACT,TEXT_SUPPORTED_EXACT,True,Verified in NL text: exact literal match found.
3803,2.0,assign_to_producers | assign_to_contracts | assign_to_capacity | assign_to_demand | assign_to_min_producers | assign_to_min_producers | assign_to_min_producers | assign_to_min_delivery | assign_to_cost | assign_to_cost | assign_to_cost | assign_to_cost | assign_to_cost | assign_to_cost | assign_to_cost | assign_to_cost | assign_to_cost,Yes,TEXT_SUPPORTED_EXACT,TEXT_SUPPORTED_EXACT,True,Verified in NL text: exact literal match found.
3803,3.0,assign_to_producers | assign_to_contracts | assign_to_capacity | assign_to_demand | assign_to_min_producers | assign_to_min_producers | assign_to_min_producers | assign_to_min_producers | assign_to_min_delivery | assign_to_cost | assign_to_cost | assign_to_cost | assign_to_cost | assign_to_cost | assign_to_cost | assign_to_cost | assign_to_cost | assign_to_cost,Yes,TEXT_SUPPORTED_EXACT,TEXT_SUPPORTED_EXACT,True,Verified in NL text: exact literal match found.
3803,4.0,assign_to_contracts | assign_to_demand | assign_to_min_producers | assign_to_cost | assign_to_cost | assign_to_cost | assign_to_cost,Yes,TEXT_SUPPORTED_EXACT,TEXT_SUPPORTED_EXACT,True,Verified in NL text: exact literal match found.
3803,1804.0,assign_to_capacity,Yes,TEXT_SUPPORTED_EXACT,TEXT_SUPPORTED_EXACT,True,Verified in NL text: exact literal match found.
3803,1792.0,assign_to_capacity,Yes,TEXT_SUPPORTED_EXACT,TEXT_SUPPORTED_EXACT,True,Verified in NL text: exact literal match found.
3803,1535.0,assign_to_capacity,Yes,TEXT_SUPPORTED_EXACT,TEXT_SUPPORTED_EXACT,True,Verified in NL text: exact literal match found.
3803,1267.0,assign_to_capacity,Yes,TEXT_SUPPORTED_EXACT,TEXT_SUPPORTED_EXACT,True,Verified in NL text: exact literal match found.
3803,649.0,assign_to_demand,Yes,TEXT_SUPPORTED_EXACT,TEXT_SUPPORTED_EXACT,True,Verified in NL text: exact literal match found.
3803,964.0,assign_to_demand,Yes,TEXT_SUPPORTED_EXACT,TEXT_SUPPORTED_EXACT,True,Verified in NL text: exact literal match found.
3803,888.0,assign_to_demand,Yes,TEXT_SUPPORTED_EXACT,TEXT_SUPPORTED_EXACT,True,Verified in NL text: exact literal match found.
3803,840.0,assign_to_demand,Yes,TEXT_SUPPORTED_EXACT,TEXT_SUPPORTED_EXACT,True,Verified in NL text: exact literal match found.
3803,967.0,assign_to_demand,Yes,TEXT_SUPPORTED_EXACT,TEXT_SUPPORTED_EXACT,True,Verified in NL text: exact literal match found.
3803,360.0,assign_to_min_delivery,Yes,TEXT_SUPPORTED_EXACT,TEXT_SUPPORTED_EXACT,True,Verified in NL text: exact literal match found.
3803,358.0,assign_to_min_delivery,Yes,TEXT_SUPPORTED_EXACT,TEXT_SUPPORTED_EXACT,True,Verified in NL text: exact literal match found.
3803,307.0,assign_to_min_delivery,Yes,TEXT_SUPPORTED_EXACT,TEXT_SUPPORTED_EXACT,True,Verified in NL text: exact literal match found.
3803,253.0,assign_to_min_delivery,Yes,TEXT_SUPPORTED_EXACT,TEXT_SUPPORTED_EXACT,True,Verified in NL text: exact literal match found.
3803,24.0,assign_to_cost | assign_to_cost | assign_to_cost,Yes,TEXT_SUPPORTED_EXACT,TEXT_SUPPORTED_EXACT,True,Verified in NL text: exact literal match found.
3803,25.0,assign_to_cost,Yes,TEXT_SUPPORTED_EXACT,TEXT_SUPPORTED_EXACT,True,Verified in NL text: exact literal match found.
3803,26.0,assign_to_cost | assign_to_cost | assign_to_cost | assign_to_cost,Yes,TEXT_SUPPORTED_EXACT,TEXT_SUPPORTED_EXACT,True,Verified in NL text: exact literal match found.
3803,35.0,assign_to_cost,Yes,TEXT_SUPPORTED_EXACT,TEXT_SUPPORTED_EXACT,True,Verified in NL text: exact literal match found.
3803,27.0,assign_to_cost,Yes,TEXT_SUPPORTED_EXACT,TEXT_SUPPORTED_EXACT,True,Verified in NL text: exact literal match found.
3803,29.0,assign_to_cost,Yes,TEXT_SUPPORTED_EXACT,TEXT_SUPPORTED_EXACT,True,Verified in NL text: exact literal match found.
3803,30.0,assign_to_cost | assign_to_cost | assign_to_cost,Yes,TEXT_SUPPORTED_EXACT,TEXT_SUPPORTED_EXACT,True,Verified in NL text: exact literal match found.
3803,21.0,assign_to_cost | assign_to_cost | assign_to_cost,Yes,TEXT_SUPPORTED_EXACT,TEXT_SUPPORTED_EXACT,True,Verified in NL text: exact literal match found.
3803,32.0,assign_to_cost | assign_to_cost,Yes,TEXT_SUPPORTED_EXACT,TEXT_SUPPORTED_EXACT,True,Verified in NL text: exact literal match found.
3803,37.0,assign_to_cost,Yes,TEXT_SUPPORTED_EXACT,TEXT_SUPPORTED_EXACT,True,Verified in NL text: exact literal match found.
194078,2.0,assign_to_employees | assign_to_costs | assign_to_skills | assign_to_skills | assign_to_skills | assign_to_skills | assign_to_skills | assign_to_skills | assign_to_skills | assign_to_skills | assign_to_skills | assign_to_skills | assign_to_employees | assign_to_costs | assign_to_skills | assign_to_skills | assign_to_skills | assign_to_skills | assign_to_skills | assign_to_skills | assign_to_skills | assign_to_skills | assign_to_skills | assign_to_skills,Yes,TEXT_SUPPORTED_EXACT,TEXT_SUPPORTED_EXACT,True,Verified in NL text: exact literal match found.
194078,3.0,assign_to_employees | assign_to_costs | assign_to_skills | assign_to_skills | assign_to_skills | assign_to_skills | assign_to_skills | assign_to_skills | assign_to_skills | assign_to_employees | assign_to_costs | assign_to_skills | assign_to_skills | assign_to_skills | assign_to_skills | assign_to_skills | assign_to_skills | assign_to_skills,Yes,TEXT_SUPPORTED_EXACT,TEXT_SUPPORTED_EXACT,True,Verified in NL text: exact literal match found.
194078,4.0,assign_to_employees | assign_to_costs | assign_to_skills | assign_to_skills | assign_to_skills | assign_to_skills | assign_to_skills | assign_to_skills | assign_to_skills | assign_to_skills | assign_to_skills | assign_to_employees | assign_to_costs | assign_to_skills | assign_to_skills | assign_to_skills | assign_to_skills | assign_to_skills | assign_to_skills | assign_to_skills | assign_to_skills | assign_to_skills,Yes,TEXT_SUPPORTED_EXACT,TEXT_SUPPORTED_EXACT,True,Verified in NL text: exact literal match found.
194078,5.0,assign_to_employees | assign_to_costs | assign_to_skills | assign_to_skills | assign_to_skills | assign_to_skills | assign_to_skills | assign_to_skills | assign_to_skills | assign_to_skills | assign_to_skills | assign_to_skills | assign_to_skills | assign_to_skills | assign_to_employees | assign_to_costs | assign_to_skills | assign_to_skills | assign_to_skills | assign_to_skills | assign_to_skills | assign_to_skills | assign_to_skills | assign_to_skills | assign_to_skills | assign_to_skills | assign_to_skills | assign_to_skills,Yes,TEXT_SUPPORTED_EXACT,TEXT_SUPPORTED_EXACT,True,Verified in NL text: exact literal match found.
194078,6.0,assign_to_employees | assign_to_costs | assign_to_skills | assign_to_skills | assign_to_skills | assign_to_skills | assign_to_skills | assign_to_skills | assign_to_skills | assign_to_skills | assign_to_skills | assign_to_skills | assign_to_skills | assign_to_skills | assign_to_employees | assign_to_costs | assign_to_skills | assign_to_skills | assign_to_skills | assign_to_skills | assign_to_skills | assign_to_skills | assign_to_skills | assign_to_skills | assign_to_skills | assign_to_skills | assign_to_skills | assign_to_skills,Yes,TEXT_SUPPORTED_EXACT,TEXT_SUPPORTED_EXACT,True,Verified in NL text: exact literal match found.
194078,7.0,assign_to_employees | assign_to_costs | assign_to_skills | assign_to_skills | assign_to_skills | assign_to_skills | assign_to_skills | assign_to_skills | assign_to_skills | assign_to_skills | assign_to_skills | assign_to_skills | assign_to_employees | assign_to_costs | assign_to_skills | assign_to_skills | assign_to_skills | assign_to_skills | assign_to_skills | assign_to_skills | assign_to_skills | assign_to_skills | assign_to_skills | assign_to_skills,Yes,TEXT_SUPPORTED_EXACT,TEXT_SUPPORTED_EXACT,True,Verified in NL text: exact literal match found.
194078,8.0,assign_to_employees | assign_to_costs | assign_to_costs | assign_to_skills | assign_to_skills | assign_to_skills | assign_to_skills | assign_to_skills | assign_to_skills | assign_to_skills | assign_to_skills | assign_to_skills | assign_to_skills | assign_to_skills | assign_to_skills | assign_to_skills | assign_to_employees | assign_to_costs | assign_to_costs | assign_to_skills | assign_to_skills | assign_to_skills | assign_to_skills | assign_to_skills | assign_to_skills | assign_to_skills | assign_to_skills | assign_to_skills | assign_to_skills | assign_to_skills | assign_to_skills | assign_to_skills,Yes,TEXT_SUPPORTED_EXACT,TEXT_SUPPORTED_EXACT,True,Verified in NL text: exact literal match found.
194078,9.0,assign_to_employees | assign_to_costs | assign_to_skills | assign_to_skills | assign_to_skills | assign_to_skills | assign_to_skills | assign_to_skills | assign_to_skills | assign_to_skills | assign_to_skills | assign_to_skills | assign_to_skills | assign_to_skills | assign_to_employees | assign_to_costs | assign_to_skills | assign_to_skills | assign_to_skills | assign_to_skills | assign_to_skills | assign_to_skills | assign_to_skills | assign_to_skills | assign_to_skills | assign_to_skills | assign_to_skills | assign_to_skills,Yes,TEXT_SUPPORTED_EXACT,TEXT_SUPPORTED_EXACT,True,Verified in NL text: exact literal match found.
194078,10.0,assign_to_employees | assign_to_costs | assign_to_costs | assign_to_skills | assign_to_skills | assign_to_skills | assign_to_skills | assign_to_skills | assign_to_skills | assign_to_skills | assign_to_skills | assign_to_skills | assign_to_skills | assign_to_skills | assign_to_skills | assign_to_employees | assign_to_costs | assign_to_costs | assign_to_skills | assign_to_skills | assign_to_skills | assign_to_skills | assign_to_skills | assign_to_skills | assign_to_skills | assign_to_skills | assign_to_skills | assign_to_skills | assign_to_skills | assign_to_skills,Yes,TEXT_SUPPORTED_EXACT,TEXT_SUPPORTED_EXACT,True,Verified in NL text: exact literal match found.
194078,11.0,assign_to_employees | assign_to_costs | assign_to_skills | assign_to_skills | assign_to_skills | assign_to_skills | assign_to_skills | assign_to_skills | assign_to_skills | assign_to_skills | assign_to_skills | assign_to_skills | assign_to_skills | assign_to_skills | assign_to_skills | assign_to_skills | assign_to_skills | assign_to_employees | assign_to_costs | assign_to_skills | assign_to_skills | assign_to_skills | assign_to_skills | assign_to_skills | assign_to_skills | assign_to_skills | assign_to_skills | assign_to_skills | assign_to_skills | assign_to_skills | assign_to_skills | assign_to_skills | assign_to_skills | assign_to_skills,Yes,TEXT_SUPPORTED_EXACT,TEXT_SUPPORTED_EXACT,True,Verified in NL text: exact literal match found.
194078,12.0,assign_to_employees | assign_to_costs | assign_to_skills | assign_to_skills | assign_to_skills | assign_to_skills | assign_to_skills | assign_to_skills | assign_to_skills | assign_to_skills | assign_to_skills | assign_to_skills | assign_to_employees | assign_to_costs | assign_to_skills | assign_to_skills | assign_to_skills | assign_to_skills | assign_to_skills | assign_to_skills | assign_to_skills | assign_to_skills | assign_to_skills | assign_to_skills,Yes,TEXT_SUPPORTED_EXACT,TEXT_SUPPORTED_EXACT,True,Verified in NL text: exact literal match found.
194078,68.0,assign_to_costs | assign_to_costs,Yes,TEXT_SUPPORTED_EXACT,TEXT_SUPPORTED_EXACT,True,Verified in NL text: exact literal match found.
194078,60.0,assign_to_costs | assign_to_costs,Yes,TEXT_SUPPORTED_EXACT,TEXT_SUPPORTED_EXACT,True,Verified in NL text: exact literal match found.
194078,77.0,assign_to_costs | assign_to_costs,Yes,TEXT_SUPPORTED_EXACT,TEXT_SUPPORTED_EXACT,True,Verified in NL text: exact literal match found.
194078,86.0,assign_to_costs | assign_to_costs,Yes,TEXT_SUPPORTED_EXACT,TEXT_SUPPORTED_EXACT,True,Verified in NL text: exact literal match found.
194078,23.0,assign_to_costs | assign_to_skills | assign_to_costs | assign_to_skills,Yes,TEXT_SUPPORTED_EXACT,TEXT_SUPPORTED_EXACT,True,Verified in NL text: exact literal match found.
194078,56.0,assign_to_costs | assign_to_costs,Yes,TEXT_SUPPORTED_EXACT,TEXT_SUPPORTED_EXACT,True,Verified in NL text: exact literal match found.
194078,67.0,assign_to_costs | assign_to_costs,Yes,TEXT_SUPPORTED_EXACT,TEXT_SUPPORTED_EXACT,True,Verified in NL text: exact literal match found.
194078,38.0,assign_to_costs | assign_to_costs,Yes,TEXT_SUPPORTED_EXACT,TEXT_SUPPORTED_EXACT,True,Verified in NL text: exact literal match found.
194078,45.0,assign_to_costs | assign_to_costs,Yes,TEXT_SUPPORTED_EXACT,TEXT_SUPPORTED_EXACT,True,Verified in NL text: exact literal match found.
194078,13.0,assign_to_skills | assign_to_skills,Yes,TEXT_SUPPORTED_EXACT,TEXT_SUPPORTED_EXACT,True,Verified in NL text: exact literal match found.
194078,14.0,assign_to_skills | assign_to_skills,Yes,TEXT_SUPPORTED_EXACT,TEXT_SUPPORTED_EXACT,True,Verified in NL text: exact literal match found.
194078,15.0,assign_to_skills | assign_to_skills,Yes,TEXT_SUPPORTED_EXACT,TEXT_SUPPORTED_EXACT,True,Verified in NL text: exact literal match found.
194078,16.0,assign_to_skills | assign_to_skills,Yes,TEXT_SUPPORTED_EXACT,TEXT_SUPPORTED_EXACT,True,Verified in NL text: exact literal match found.
194078,17.0,assign_to_skills | assign_to_skills,Yes,TEXT_SUPPORTED_EXACT,TEXT_SUPPORTED_EXACT,True,Verified in NL text: exact literal match found.
194078,18.0,assign_to_skills | assign_to_skills,Yes,TEXT_SUPPORTED_EXACT,TEXT_SUPPORTED_EXACT,True,Verified in NL text: exact literal match found.
194078,19.0,assign_to_skills | assign_to_skills,Yes,TEXT_SUPPORTED_EXACT,TEXT_SUPPORTED_EXACT,True,Verified in NL text: exact literal match found.
194078,20.0,assign_to_skills | assign_to_skills,Yes,TEXT_SUPPORTED_EXACT,TEXT_SUPPORTED_EXACT,True,Verified in NL text: exact literal match found.
194078,21.0,assign_to_skills | assign_to_skills,Yes,TEXT_SUPPORTED_EXACT,TEXT_SUPPORTED_EXACT,True,Verified in NL text: exact literal match found.
194078,22.0,assign_to_skills | assign_to_skills,Yes,TEXT_SUPPORTED_EXACT,TEXT_SUPPORTED_EXACT,True,Verified in NL text: exact literal match found.
194078,24.0,assign_to_skills | assign_to_skills,Yes,TEXT_SUPPORTED_EXACT,TEXT_SUPPORTED_EXACT,True,Verified in NL text: exact literal match found.
194078,25.0,assign_to_skills | assign_to_skills,Yes,TEXT_SUPPORTED_EXACT,TEXT_SUPPORTED_EXACT,True,Verified in NL text: exact literal match found.
194078,0.5,assign_to_selected_employees; in_comprehension | assign_to_selected_employees; in_comprehension,No,INDEX_OR_LOOP_BOUND,INDEX_OR_LOOP_BOUND,True,Implementation detail: range boundary or set index not expressing a model parameter in the text.
163489,14.0,assign_to_teams; inside_call_range; in_range | assign_to_requirements | assign_to_A,Yes,TEXT_SUPPORTED_EXACT,TEXT_SUPPORTED_EXACT,True,Verified in NL text: exact literal match found.
163489,24.0,assign_to_elements; inside_call_range; in_range,No,INDEX_OR_LOOP_BOUND,INDEX_OR_LOOP_BOUND,True,Implementation detail: range boundary or set index not expressing a model parameter in the text.
163489,2.0,assign_to_cost | assign_to_cost | assign_to_requirements | assign_to_requirements | assign_to_requirements | assign_to_requirements | assign_to_A | assign_to_A | assign_to_A | assign_to_A | assign_to_A | assign_to_A | assign_to_A,Yes,TEXT_SUPPORTED_EXACT,TEXT_SUPPORTED_EXACT,True,Verified in NL text: exact literal match found.
163489,3.0,assign_to_cost | assign_to_cost | assign_to_cost | assign_to_requirements | assign_to_requirements | assign_to_requirements | assign_to_requirements | assign_to_requirements | assign_to_requirements | assign_to_requirements | assign_to_requirements | assign_to_requirements | assign_to_requirements | assign_to_requirements | assign_to_requirements | assign_to_requirements | assign_to_requirements | assign_to_requirements | assign_to_requirements | assign_to_requirements | assign_to_A | assign_to_A | assign_to_A | assign_to_A | assign_to_A | assign_to_A | assign_to_A | assign_to_A | assign_to_A | assign_to_A,Yes,TEXT_SUPPORTED_EXACT,TEXT_SUPPORTED_EXACT,True,Verified in NL text: exact literal match found.
163489,4.0,assign_to_cost | assign_to_cost | assign_to_cost | assign_to_cost | assign_to_cost | assign_to_requirements | assign_to_A | assign_to_A | assign_to_A | assign_to_A | assign_to_A | assign_to_A | assign_to_A | assign_to_A | assign_to_A | assign_to_A | assign_to_A | assign_to_A | assign_to_A | assign_to_A,Yes,TEXT_SUPPORTED_EXACT,TEXT_SUPPORTED_EXACT,True,Verified in NL text: exact literal match found.
163489,5.0,assign_to_cost | assign_to_cost | assign_to_cost | assign_to_cost | assign_to_cost | assign_to_requirements | assign_to_A | assign_to_A | assign_to_A | assign_to_A | assign_to_A | assign_to_A | assign_to_A | assign_to_A | assign_to_A,Yes,TEXT_SUPPORTED_EXACT,TEXT_SUPPORTED_EXACT,True,Verified in NL text: exact literal match found.
163489,6.0,assign_to_cost | assign_to_requirements | assign_to_A | assign_to_A | assign_to_A | assign_to_A | assign_to_A | assign_to_A | assign_to_A | assign_to_A,Yes,TEXT_SUPPORTED_EXACT,TEXT_SUPPORTED_EXACT,True,Verified in NL text: exact literal match found.
163489,7.0,assign_to_cost | assign_to_requirements | assign_to_A | assign_to_A | assign_to_A | assign_to_A | assign_to_A | assign_to_A | assign_to_A | assign_to_A | assign_to_A | assign_to_A,Yes,TEXT_SUPPORTED_EXACT,TEXT_SUPPORTED_EXACT,True,Verified in NL text: exact literal match found.
163489,8.0,assign_to_cost | assign_to_requirements | assign_to_A | assign_to_A | assign_to_A | assign_to_A | assign_to_A | assign_to_A | assign_to_A | assign_to_A | assign_to_A | assign_to_A | assign_to_A | assign_to_A | assign_to_A,Yes,TEXT_SUPPORTED_EXACT,TEXT_SUPPORTED_EXACT,True,Verified in NL text: exact literal match found.
163489,9.0,assign_to_cost | assign_to_requirements | assign_to_A | assign_to_A | assign_to_A | assign_to_A | assign_to_A | assign_to_A | assign_to_A | assign_to_A | assign_to_A | assign_to_A | assign_to_A,Yes,TEXT_SUPPORTED_EXACT,TEXT_SUPPORTED_EXACT,True,Verified in NL text: exact literal match found.
163489,10.0,assign_to_cost | assign_to_requirements | assign_to_A | assign_to_A | assign_to_A | assign_to_A | assign_to_A | assign_to_A | assign_to_A | assign_to_A | assign_to_A | assign_to_A | assign_to_A | assign_to_A,Yes,TEXT_SUPPORTED_EXACT,TEXT_SUPPORTED_EXACT,True,Verified in NL text: exact literal match found.
163489,11.0,assign_to_cost | assign_to_requirements | assign_to_A | assign_to_A | assign_to_A | assign_to_A | assign_to_A | assign_to_A | assign_to_A | assign_to_A | assign_to_A | assign_to_A,Yes,TEXT_SUPPORTED_EXACT,TEXT_SUPPORTED_EXACT,True,Verified in NL text: exact literal match found.
163489,12.0,assign_to_cost | assign_to_requirements | assign_to_A | assign_to_A | assign_to_A | assign_to_A | assign_to_A | assign_to_A | assign_to_A | assign_to_A | assign_to_A,Yes,TEXT_SUPPORTED_EXACT,TEXT_SUPPORTED_EXACT,True,Verified in NL text: exact literal match found.
163489,13.0,assign_to_cost | assign_to_requirements | assign_to_A | assign_to_A | assign_to_A | assign_to_A | assign_to_A | assign_to_A | assign_to_A | assign_to_A | assign_to_A,Yes,TEXT_SUPPORTED_EXACT,TEXT_SUPPORTED_EXACT,True,Verified in NL text: exact literal match found.
163489,15.0,assign_to_requirements | assign_to_A,Yes,TEXT_SUPPORTED_EXACT,TEXT_SUPPORTED_EXACT,True,Verified in NL text: exact literal match found.
163489,16.0,assign_to_requirements | assign_to_A,Yes,TEXT_SUPPORTED_EXACT,TEXT_SUPPORTED_EXACT,True,Verified in NL text: exact literal match found.
163489,17.0,assign_to_requirements | assign_to_A,Yes,TEXT_SUPPORTED_EXACT,TEXT_SUPPORTED_EXACT,True,Verified in NL text: exact literal match found.
163489,18.0,assign_to_requirements | assign_to_A,Yes,TEXT_SUPPORTED_EXACT,TEXT_SUPPORTED_EXACT,True,Verified in NL text: exact literal match found.
163489,19.0,assign_to_requirements | assign_to_A,Yes,TEXT_SUPPORTED_EXACT,TEXT_SUPPORTED_EXACT,True,Verified in NL text: exact literal match found.
163489,20.0,assign_to_requirements | assign_to_A,Yes,TEXT_SUPPORTED_EXACT,TEXT_SUPPORTED_EXACT,True,Verified in NL text: exact literal match found.
163489,21.0,assign_to_requirements | assign_to_A,Yes,TEXT_SUPPORTED_EXACT,TEXT_SUPPORTED_EXACT,True,Verified in NL text: exact literal match found.
163489,22.0,assign_to_requirements | assign_to_A,Yes,TEXT_SUPPORTED_EXACT,TEXT_SUPPORTED_EXACT,True,Verified in NL text: exact literal match found.
163489,23.0,assign_to_requirements | assign_to_A,Yes,TEXT_SUPPORTED_EXACT,TEXT_SUPPORTED_EXACT,True,Verified in NL text: exact literal match found.
163489,0.5,none,No,IMPLEMENTATION_ONLY,IMPLEMENTATION_ONLY,True,"Implementation detail: helper constant (e.g., large penalty coefficient / big-M) introduced by the code generator."
79174,2.0,assign_to_factories | assign_to_months | assign_to_activation_costs | assign_to_production_costs | assign_to_production_costs | assign_to_min_production | assign_to_max_production | assign_to_demand,Yes,TEXT_SUPPORTED_EXACT,TEXT_SUPPORTED_EXACT,True,Verified in NL text: exact literal match found.
79174,3.0,assign_to_factories | assign_to_months | assign_to_activation_costs | assign_to_production_costs | assign_to_min_production | assign_to_max_production | assign_to_demand,Yes,TEXT_SUPPORTED_EXACT,TEXT_SUPPORTED_EXACT,True,Verified in NL text: exact literal match found.
79174,4.0,assign_to_months | assign_to_demand,Yes,TEXT_SUPPORTED_EXACT,TEXT_SUPPORTED_EXACT,True,Verified in NL text: exact literal match found.
79174,272.0,assign_to_activation_costs,Yes,TEXT_SUPPORTED_EXACT,TEXT_SUPPORTED_EXACT,True,Verified in NL text: exact literal match found.
79174,571.0,assign_to_activation_costs,Yes,TEXT_SUPPORTED_EXACT,TEXT_SUPPORTED_EXACT,True,Verified in NL text: exact literal match found.
79174,489.0,assign_to_activation_costs,Yes,TEXT_SUPPORTED_EXACT,TEXT_SUPPORTED_EXACT,True,Verified in NL text: exact literal match found.
79174,454.0,assign_to_activation_costs,Yes,TEXT_SUPPORTED_EXACT,TEXT_SUPPORTED_EXACT,True,Verified in NL text: exact literal match found.
79174,12.0,assign_to_production_costs,Yes,TEXT_SUPPORTED_EXACT,TEXT_SUPPORTED_EXACT,True,Verified in NL text: exact literal match found.
79174,8.0,assign_to_production_costs | assign_to_production_costs,Yes,TEXT_SUPPORTED_EXACT,TEXT_SUPPORTED_EXACT,True,Verified in NL text: exact literal match found.
79174,38.0,assign_to_min_production,Yes,TEXT_SUPPORTED_EXACT,TEXT_SUPPORTED_EXACT,True,Verified in NL text: exact literal match found.
79174,49.0,assign_to_min_production,Yes,TEXT_SUPPORTED_EXACT,TEXT_SUPPORTED_EXACT,True,Verified in NL text: exact literal match found.
79174,48.0,assign_to_min_production,Yes,TEXT_SUPPORTED_EXACT,TEXT_SUPPORTED_EXACT,True,Verified in NL text: exact literal match found.
79174,36.0,assign_to_min_production,Yes,TEXT_SUPPORTED_EXACT,TEXT_SUPPORTED_EXACT,True,Verified in NL text: exact literal match found.
79174,110.0,assign_to_max_production,Yes,TEXT_SUPPORTED_EXACT,TEXT_SUPPORTED_EXACT,True,Verified in NL text: exact literal match found.
79174,138.0,assign_to_max_production,Yes,TEXT_SUPPORTED_EXACT,TEXT_SUPPORTED_EXACT,True,Verified in NL text: exact literal match found.
79174,150.0,assign_to_max_production,Yes,TEXT_SUPPORTED_EXACT,TEXT_SUPPORTED_EXACT,True,Verified in NL text: exact literal match found.
79174,113.0,assign_to_max_production,Yes,TEXT_SUPPORTED_EXACT,TEXT_SUPPORTED_EXACT,True,Verified in NL text: exact literal match found.
79174,161.0,assign_to_demand,Yes,TEXT_SUPPORTED_EXACT,TEXT_SUPPORTED_EXACT,True,Verified in NL text: exact literal match found.
79174,229.0,assign_to_demand,Yes,TEXT_SUPPORTED_EXACT,TEXT_SUPPORTED_EXACT,True,Verified in NL text: exact literal match found.
79174,156.0,assign_to_demand,Yes,TEXT_SUPPORTED_EXACT,TEXT_SUPPORTED_EXACT,True,Verified in NL text: exact literal match found.
79174,168.0,assign_to_demand,Yes,TEXT_SUPPORTED_EXACT,TEXT_SUPPORTED_EXACT,True,Verified in NL text: exact literal match found.
79174,244.0,assign_to_demand,Yes,TEXT_SUPPORTED_EXACT,TEXT_SUPPORTED_EXACT,True,Verified in NL text: exact literal match found.
79174,0.5,is_x_compare,No,SOLVER_OR_API_CONSTANT,SOLVER_OR_API_CONSTANT,True,"Implementation detail: Gurobi solver parameter, status constant, or comparison threshold (e.g. status == 2 or x > 0.5)."
193243,2.0,assign_to_companies | assign_to_products | assign_to_markets,Yes,TEXT_SUPPORTED_EXACT,TEXT_SUPPORTED_EXACT,True,Verified in NL text: exact literal match found.
193243,3.0,assign_to_companies | assign_to_markets | assign_to_profit | assign_to_profit | assign_to_profit | assign_to_profit | assign_to_profit | assign_to_profit | assign_to_profit | assign_to_profit,Yes,TEXT_SUPPORTED_EXACT,TEXT_SUPPORTED_EXACT,True,Verified in NL text: exact literal match found.
193243,21.0,assign_to_demand,Yes,TEXT_SUPPORTED_EXACT,TEXT_SUPPORTED_EXACT,True,Verified in NL text: exact literal match found.
193243,22.0,assign_to_demand | assign_to_demand | assign_to_demand | assign_to_demand,Yes,TEXT_SUPPORTED_EXACT,TEXT_SUPPORTED_EXACT,True,Verified in NL text: exact literal match found.
193243,18.0,assign_to_demand | assign_to_demand,Yes,TEXT_SUPPORTED_EXACT,TEXT_SUPPORTED_EXACT,True,Verified in NL text: exact literal match found.
193243,15.0,assign_to_demand | assign_to_demand,Yes,TEXT_SUPPORTED_EXACT,TEXT_SUPPORTED_EXACT,True,Verified in NL text: exact literal match found.
193243,19.0,assign_to_demand,Yes,TEXT_SUPPORTED_EXACT,TEXT_SUPPORTED_EXACT,True,Verified in NL text: exact literal match found.
193243,17.0,assign_to_demand,Yes,TEXT_SUPPORTED_EXACT,TEXT_SUPPORTED_EXACT,True,Verified in NL text: exact literal match found.
193243,24.0,assign_to_demand,Yes,TEXT_SUPPORTED_EXACT,TEXT_SUPPORTED_EXACT,True,Verified in NL text: exact literal match found.
193243,5.0,assign_to_profit | assign_to_profit | assign_to_profit | assign_to_profit | assign_to_profit,Yes,TEXT_SUPPORTED_EXACT,TEXT_SUPPORTED_EXACT,True,Verified in NL text: exact literal match found.
193243,8.0,assign_to_profit | assign_to_profit | assign_to_profit | assign_to_profit | assign_to_profit | assign_to_profit | assign_to_profit | assign_to_profit,Yes,TEXT_SUPPORTED_EXACT,TEXT_SUPPORTED_EXACT,True,Verified in NL text: exact literal match found.
193243,10.0,assign_to_profit | assign_to_profit | assign_to_profit | assign_to_profit | assign_to_profit,Yes,TEXT_SUPPORTED_EXACT,TEXT_SUPPORTED_EXACT,True,Verified in NL text: exact literal match found.
193243,4.0,assign_to_profit | assign_to_profit | assign_to_profit | assign_to_profit | assign_to_profit | assign_to_profit | assign_to_profit,Yes,TEXT_SUPPORTED_EXACT,TEXT_SUPPORTED_EXACT,True,Verified in NL text: exact literal match found.
193243,9.0,assign_to_profit | assign_to_profit | assign_to_profit | assign_to_profit | assign_to_profit,Yes,TEXT_SUPPORTED_EXACT,TEXT_SUPPORTED_EXACT,True,Verified in NL text: exact literal match found.
193243,7.0,assign_to_profit | assign_to_profit | assign_to_profit | assign_to_profit | assign_to_profit | assign_to_profit | assign_to_profit,Yes,TEXT_SUPPORTED_EXACT,TEXT_SUPPORTED_EXACT,True,Verified in NL text: exact literal match found.
193243,6.0,assign_to_profit | assign_to_profit | assign_to_profit,Yes,TEXT_SUPPORTED_EXACT,TEXT_SUPPORTED_EXACT,True,Verified in NL text: exact literal match found.
101963,10.0,assign_to_cities; inside_call_range; in_range | assign_to_cost | assign_to_cost | assign_to_cost | assign_to_cost | assign_to_cost | assign_to_cost | assign_to_cost | assign_to_cost | assign_to_cost | assign_to_cost | assign_to_cost | assign_to_cost | assign_to_cost | assign_to_cost,Yes,TEXT_SUPPORTED_EXACT,TEXT_SUPPORTED_EXACT,True,Verified in NL text: exact literal match found.
101963,43.0,assign_to_demand | assign_to_capacity,Yes,TEXT_SUPPORTED_EXACT,TEXT_SUPPORTED_EXACT,True,Verified in NL text: exact literal match found.
101963,-15.0,assign_to_demand,Yes,TEXT_SUPPORTED_DERIVED,TEXT_SUPPORTED_DERIVED,True,Verified in NL text: value derived deterministically (e.g. negated objective coefficient or multiplier).
101963,25.0,assign_to_demand,Yes,TEXT_SUPPORTED_EXACT,TEXT_SUPPORTED_EXACT,True,Verified in NL text: exact literal match found.
101963,-33.0,assign_to_demand,Yes,TEXT_SUPPORTED_DERIVED,TEXT_SUPPORTED_DERIVED,True,Verified in NL text: value derived deterministically (e.g. negated objective coefficient or multiplier).
101963,49.0,assign_to_demand | assign_to_capacity | assign_to_capacity,Yes,TEXT_SUPPORTED_EXACT,TEXT_SUPPORTED_EXACT,True,Verified in NL text: exact literal match found.
101963,-8.0,assign_to_demand,Yes,TEXT_SUPPORTED_DERIVED,TEXT_SUPPORTED_DERIVED,True,Verified in NL text: value derived deterministically (e.g. negated objective coefficient or multiplier).
101963,-16.0,assign_to_demand,Yes,TEXT_SUPPORTED_DERIVED,TEXT_SUPPORTED_DERIVED,True,Verified in NL text: value derived deterministically (e.g. negated objective coefficient or multiplier).
101963,-5.0,assign_to_demand,Yes,TEXT_SUPPORTED_DERIVED,TEXT_SUPPORTED_DERIVED,True,Verified in NL text: value derived deterministically (e.g. negated objective coefficient or multiplier).
101963,-45.0,assign_to_demand,Yes,TEXT_SUPPORTED_DERIVED,TEXT_SUPPORTED_DERIVED,True,Verified in NL text: value derived deterministically (e.g. negated objective coefficient or multiplier).
101963,5.0,assign_to_demand | assign_to_cost | assign_to_cost | assign_to_cost | assign_to_cost | assign_to_cost | assign_to_cost | assign_to_cost | assign_to_cost | assign_to_cost | assign_to_cost | assign_to_cost | assign_to_cost | assign_to_cost | assign_to_cost | assign_to_cost | assign_to_cost | assign_to_cost | assign_to_cost | assign_to_capacity | assign_to_capacity | assign_to_capacity | assign_to_capacity | assign_to_capacity | assign_to_capacity | assign_to_capacity | assign_to_capacity | assign_to_capacity | assign_to_capacity | assign_to_capacity | assign_to_capacity | assign_to_capacity | assign_to_capacity | assign_to_capacity | assign_to_capacity | assign_to_capacity | assign_to_capacity,Yes,TEXT_SUPPORTED_EXACT,TEXT_SUPPORTED_EXACT,True,Verified in NL text: exact literal match found.
101963,2.0,assign_to_cost | assign_to_cost | assign_to_cost | assign_to_cost | assign_to_cost | assign_to_cost | assign_to_cost | assign_to_cost | assign_to_cost | assign_to_cost | assign_to_cost | assign_to_cost | assign_to_cost | assign_to_cost | assign_to_cost | assign_to_cost | assign_to_cost | assign_to_cost | assign_to_capacity | assign_to_capacity | assign_to_capacity | assign_to_capacity | assign_to_capacity | assign_to_capacity | assign_to_capacity | assign_to_capacity | assign_to_capacity | assign_to_capacity | assign_to_capacity | assign_to_capacity | assign_to_capacity | assign_to_capacity | assign_to_capacity | assign_to_capacity | assign_to_capacity | assign_to_capacity,Yes,TEXT_SUPPORTED_EXACT,TEXT_SUPPORTED_EXACT,True,Verified in NL text: exact literal match found.
101963,3.0,assign_to_cost | assign_to_cost | assign_to_cost | assign_to_cost | assign_to_cost | assign_to_cost | assign_to_cost | assign_to_cost | assign_to_cost | assign_to_cost | assign_to_cost | assign_to_cost | assign_to_cost | assign_to_cost | assign_to_cost | assign_to_cost | assign_to_cost | assign_to_cost | assign_to_capacity | assign_to_capacity | assign_to_capacity | assign_to_capacity | assign_to_capacity | assign_to_capacity | assign_to_capacity | assign_to_capacity | assign_to_capacity | assign_to_capacity | assign_to_capacity | assign_to_capacity | assign_to_capacity | assign_to_capacity | assign_to_capacity | assign_to_capacity | assign_to_capacity | assign_to_capacity,Yes,TEXT_SUPPORTED_EXACT,TEXT_SUPPORTED_EXACT,True,Verified in NL text: exact literal match found.
101963,4.0,assign_to_cost | assign_to_cost | assign_to_cost | assign_to_cost | assign_to_cost | assign_to_cost | assign_to_cost | assign_to_cost | assign_to_cost | assign_to_cost | assign_to_cost | assign_to_cost | assign_to_cost | assign_to_cost | assign_to_cost | assign_to_cost | assign_to_cost | assign_to_cost | assign_to_capacity | assign_to_capacity | assign_to_capacity | assign_to_capacity | assign_to_capacity | assign_to_capacity | assign_to_capacity | assign_to_capacity | assign_to_capacity | assign_to_capacity | assign_to_capacity | assign_to_capacity | assign_to_capacity | assign_to_capacity | assign_to_capacity | assign_to_capacity | assign_to_capacity | assign_to_capacity,Yes,TEXT_SUPPORTED_EXACT,TEXT_SUPPORTED_EXACT,True,Verified in NL text: exact literal match found.
101963,6.0,assign_to_cost | assign_to_cost | assign_to_cost | assign_to_cost | assign_to_cost | assign_to_cost | assign_to_cost | assign_to_cost | assign_to_cost | assign_to_cost | assign_to_cost | assign_to_cost | assign_to_cost | assign_to_cost | assign_to_cost | assign_to_cost | assign_to_cost | assign_to_cost | assign_to_capacity | assign_to_capacity | assign_to_capacity | assign_to_capacity | assign_to_capacity | assign_to_capacity | assign_to_capacity | assign_to_capacity | assign_to_capacity | assign_to_capacity | assign_to_capacity | assign_to_capacity | assign_to_capacity | assign_to_capacity | assign_to_capacity | assign_to_capacity | assign_to_capacity | assign_to_capacity,Yes,TEXT_SUPPORTED_EXACT,TEXT_SUPPORTED_EXACT,True,Verified in NL text: exact literal match found.
101963,7.0,assign_to_cost | assign_to_cost | assign_to_cost | assign_to_cost | assign_to_cost | assign_to_cost | assign_to_cost | assign_to_cost | assign_to_cost | assign_to_cost | assign_to_cost | assign_to_cost | assign_to_cost | assign_to_cost | assign_to_cost | assign_to_cost | assign_to_cost | assign_to_cost | assign_to_capacity | assign_to_capacity | assign_to_capacity | assign_to_capacity | assign_to_capacity | assign_to_capacity | assign_to_capacity | assign_to_capacity | assign_to_capacity | assign_to_capacity | assign_to_capacity | assign_to_capacity | assign_to_capacity | assign_to_capacity | assign_to_capacity | assign_to_capacity | assign_to_capacity | assign_to_capacity,Yes,TEXT_SUPPORTED_EXACT,TEXT_SUPPORTED_EXACT,True,Verified in NL text: exact literal match found.
101963,8.0,assign_to_cost | assign_to_cost | assign_to_cost | assign_to_cost | assign_to_cost | assign_to_cost | assign_to_cost | assign_to_cost | assign_to_cost | assign_to_cost | assign_to_cost | assign_to_cost | assign_to_cost | assign_to_cost | assign_to_cost | assign_to_cost | assign_to_cost | assign_to_cost | assign_to_cost | assign_to_cost | assign_to_cost | assign_to_cost | assign_to_cost | assign_to_cost | assign_to_cost | assign_to_cost | assign_to_cost | assign_to_cost | assign_to_cost | assign_to_cost | assign_to_cost | assign_to_cost | assign_to_cost | assign_to_cost | assign_to_cost | assign_to_capacity | assign_to_capacity | assign_to_capacity | assign_to_capacity | assign_to_capacity | assign_to_capacity | assign_to_capacity | assign_to_capacity | assign_to_capacity | assign_to_capacity | assign_to_capacity | assign_to_capacity | assign_to_capacity | assign_to_capacity | assign_to_capacity | assign_to_capacity | assign_to_capacity | assign_to_capacity,Yes,TEXT_SUPPORTED_EXACT,TEXT_SUPPORTED_EXACT,True,Verified in NL text: exact literal match found.
101963,9.0,assign_to_cost | assign_to_cost | assign_to_cost | assign_to_cost | assign_to_cost | assign_to_cost | assign_to_cost | assign_to_cost | assign_to_cost | assign_to_cost | assign_to_cost | assign_to_cost | assign_to_cost | assign_to_cost | assign_to_cost | assign_to_cost | assign_to_cost | assign_to_cost | assign_to_cost | assign_to_cost | assign_to_cost | assign_to_cost | assign_to_cost | assign_to_cost | assign_to_cost | assign_to_capacity | assign_to_capacity | assign_to_capacity | assign_to_capacity | assign_to_capacity | assign_to_capacity | assign_to_capacity | assign_to_capacity | assign_to_capacity | assign_to_capacity | assign_to_capacity | assign_to_capacity | assign_to_capacity | assign_to_capacity | assign_to_capacity | assign_to_capacity | assign_to_capacity | assign_to_capacity,Yes,TEXT_SUPPORTED_EXACT,TEXT_SUPPORTED_EXACT,True,Verified in NL text: exact literal match found.
101963,12.0,assign_to_cost | assign_to_cost | assign_to_cost | assign_to_cost | assign_to_cost | assign_to_cost | assign_to_cost | assign_to_cost | assign_to_cost | assign_to_cost | assign_to_cost | assign_to_cost | assign_to_cost,Yes,TEXT_SUPPORTED_EXACT,TEXT_SUPPORTED_EXACT,True,Verified in NL text: exact literal match found.
101963,11.0,assign_to_cost | assign_to_cost | assign_to_cost | assign_to_cost | assign_to_cost | assign_to_cost | assign_to_cost | assign_to_cost | assign_to_cost | assign_to_cost,Yes,TEXT_SUPPORTED_EXACT,TEXT_SUPPORTED_EXACT,True,Verified in NL text: exact literal match found.
101963,13.0,assign_to_cost | assign_to_cost | assign_to_cost | assign_to_cost | assign_to_cost | assign_to_cost | assign_to_cost | assign_to_cost | assign_to_cost | assign_to_cost,Yes,TEXT_SUPPORTED_EXACT,TEXT_SUPPORTED_EXACT,True,Verified in NL text: exact literal match found.
101963,15.0,assign_to_cost | assign_to_cost | assign_to_cost | assign_to_cost | assign_to_cost | assign_to_cost | assign_to_cost | assign_to_cost | assign_to_cost | assign_to_cost,Yes,TEXT_SUPPORTED_EXACT,TEXT_SUPPORTED_EXACT,True,Verified in NL text: exact literal match found.
101963,14.0,assign_to_cost | assign_to_cost | assign_to_cost | assign_to_cost | assign_to_cost | assign_to_cost | assign_to_cost | assign_to_cost | assign_to_cost,Yes,TEXT_SUPPORTED_EXACT,TEXT_SUPPORTED_EXACT,True,Verified in NL text: exact literal match found.
101963,68.0,assign_to_capacity | assign_to_capacity | assign_to_capacity,Yes,TEXT_SUPPORTED_EXACT,TEXT_SUPPORTED_EXACT,True,Verified in NL text: exact literal match found.
101963,51.0,assign_to_capacity | assign_to_capacity,Yes,TEXT_SUPPORTED_EXACT,TEXT_SUPPORTED_EXACT,True,Verified in NL text: exact literal match found.
101963,100.0,assign_to_capacity | assign_to_capacity | assign_to_capacity,Yes,TEXT_SUPPORTED_EXACT,TEXT_SUPPORTED_EXACT,True,Verified in NL text: exact literal match found.
101963,71.0,assign_to_capacity | assign_to_capacity,Yes,TEXT_SUPPORTED_EXACT,TEXT_SUPPORTED_EXACT,True,Verified in NL text: exact literal match found.
101963,98.0,assign_to_capacity,Yes,TEXT_SUPPORTED_EXACT,TEXT_SUPPORTED_EXACT,True,Verified in NL text: exact literal match found.
101963,92.0,assign_to_capacity | assign_to_capacity,Yes,TEXT_SUPPORTED_EXACT,TEXT_SUPPORTED_EXACT,True,Verified in NL text: exact literal match found.
101963,93.0,assign_to_capacity,Yes,TEXT_SUPPORTED_EXACT,TEXT_SUPPORTED_EXACT,True,Verified in NL text: exact literal match found.
101963,66.0,assign_to_capacity | assign_to_capacity | assign_to_capacity,Yes,TEXT_SUPPORTED_EXACT,TEXT_SUPPORTED_EXACT,True,Verified in NL text: exact literal match found.
101963,62.0,assign_to_capacity | assign_to_capacity | assign_to_capacity,Yes,TEXT_SUPPORTED_EXACT,TEXT_SUPPORTED_EXACT,True,Verified in NL text: exact literal match found.
101963,80.0,assign_to_capacity | assign_to_capacity,Yes,TEXT_SUPPORTED_EXACT,TEXT_SUPPORTED_EXACT,True,Verified in NL text: exact literal match found.
101963,48.0,assign_to_capacity | assign_to_capacity | assign_to_capacity,Yes,TEXT_SUPPORTED_EXACT,TEXT_SUPPORTED_EXACT,True,Verified in NL text: exact literal match found.
101963,53.0,assign_to_capacity | assign_to_capacity,Yes,TEXT_SUPPORTED_EXACT,TEXT_SUPPORTED_EXACT,True,Verified in NL text: exact literal match found.
101963,52.0,assign_to_capacity | assign_to_capacity | assign_to_capacity,Yes,TEXT_SUPPORTED_EXACT,TEXT_SUPPORTED_EXACT,True,Verified in NL text: exact literal match found.
101963,91.0,assign_to_capacity | assign_to_capacity,Yes,TEXT_SUPPORTED_EXACT,TEXT_SUPPORTED_EXACT,True,Verified in NL text: exact literal match found.
101963,77.0,assign_to_capacity,Yes,TEXT_SUPPORTED_EXACT,TEXT_SUPPORTED_EXACT,True,Verified in NL text: exact literal match found.
101963,57.0,assign_to_capacity | assign_to_capacity,Yes,TEXT_SUPPORTED_EXACT,TEXT_SUPPORTED_EXACT,True,Verified in NL text: exact literal match found.
101963,74.0,assign_to_capacity | assign_to_capacity | assign_to_capacity | assign_to_capacity,Yes,TEXT_SUPPORTED_EXACT,TEXT_SUPPORTED_EXACT,True,Verified in NL text: exact literal match found.
101963,58.0,assign_to_capacity | assign_to_capacity | assign_to_capacity,Yes,TEXT_SUPPORTED_EXACT,TEXT_SUPPORTED_EXACT,True,Verified in NL text: exact literal match found.
101963,47.0,assign_to_capacity,Yes,TEXT_SUPPORTED_EXACT,TEXT_SUPPORTED_EXACT,True,Verified in NL text: exact literal match found.
101963,95.0,assign_to_capacity | assign_to_capacity | assign_to_capacity | assign_to_capacity,Yes,TEXT_SUPPORTED_EXACT,TEXT_SUPPORTED_EXACT,True,Verified in NL text: exact literal match found.
101963,81.0,assign_to_capacity | assign_to_capacity | assign_to_capacity,Yes,TEXT_SUPPORTED_EXACT,TEXT_SUPPORTED_EXACT,True,Verified in NL text: exact literal match found.
101963,56.0,assign_to_capacity | assign_to_capacity,Yes,TEXT_SUPPORTED_EXACT,TEXT_SUPPORTED_EXACT,True,Verified in NL text: exact literal match found.
101963,46.0,assign_to_capacity | assign_to_capacity,Yes,TEXT_SUPPORTED_EXACT,TEXT_SUPPORTED_EXACT,True,Verified in NL text: exact literal match found.
101963,69.0,assign_to_capacity,Yes,TEXT_SUPPORTED_EXACT,TEXT_SUPPORTED_EXACT,True,Verified in NL text: exact literal match found.
101963,84.0,assign_to_capacity | assign_to_capacity,Yes,TEXT_SUPPORTED_EXACT,TEXT_SUPPORTED_EXACT,True,Verified in NL text: exact literal match found.
101963,64.0,assign_to_capacity | assign_to_capacity | assign_to_capacity,Yes,TEXT_SUPPORTED_EXACT,TEXT_SUPPORTED_EXACT,True,Verified in NL text: exact literal match found.
101963,55.0,assign_to_capacity | assign_to_capacity,Yes,TEXT_SUPPORTED_EXACT,TEXT_SUPPORTED_EXACT,True,Verified in NL text: exact literal match found.
101963,67.0,assign_to_capacity,Yes,TEXT_SUPPORTED_EXACT,TEXT_SUPPORTED_EXACT,True,Verified in NL text: exact literal match found.
101963,63.0,assign_to_capacity | assign_to_capacity,Yes,TEXT_SUPPORTED_EXACT,TEXT_SUPPORTED_EXACT,True,Verified in NL text: exact literal match found.
101963,89.0,assign_to_capacity,Yes,TEXT_SUPPORTED_EXACT,TEXT_SUPPORTED_EXACT,True,Verified in NL text: exact literal match found.
101963,90.0,assign_to_capacity | assign_to_capacity | assign_to_capacity,Yes,TEXT_SUPPORTED_EXACT,TEXT_SUPPORTED_EXACT,True,Verified in NL text: exact literal match found.
101963,65.0,assign_to_capacity | assign_to_capacity,Yes,TEXT_SUPPORTED_EXACT,TEXT_SUPPORTED_EXACT,True,Verified in NL text: exact literal match found.
101963,76.0,assign_to_capacity,Yes,TEXT_SUPPORTED_EXACT,TEXT_SUPPORTED_EXACT,True,Verified in NL text: exact literal match found.
101963,94.0,assign_to_capacity,Yes,TEXT_SUPPORTED_EXACT,TEXT_SUPPORTED_EXACT,True,Verified in NL text: exact literal match found.
101963,75.0,assign_to_capacity,Yes,TEXT_SUPPORTED_EXACT,TEXT_SUPPORTED_EXACT,True,Verified in NL text: exact literal match found.
101963,59.0,assign_to_capacity,Yes,TEXT_SUPPORTED_EXACT,TEXT_SUPPORTED_EXACT,True,Verified in NL text: exact literal match found.
101963,87.0,assign_to_capacity,Yes,TEXT_SUPPORTED_EXACT,TEXT_SUPPORTED_EXACT,True,Verified in NL text: exact literal match found.
101963,88.0,assign_to_capacity | assign_to_capacity,Yes,TEXT_SUPPORTED_EXACT,TEXT_SUPPORTED_EXACT,True,Verified in NL text: exact literal match found.
101963,99.0,assign_to_capacity | assign_to_capacity,Yes,TEXT_SUPPORTED_EXACT,TEXT_SUPPORTED_EXACT,True,Verified in NL text: exact literal match found.
101963,83.0,assign_to_capacity,Yes,TEXT_SUPPORTED_EXACT,TEXT_SUPPORTED_EXACT,True,Verified in NL text: exact literal match found.
101963,60.0,assign_to_capacity,Yes,TEXT_SUPPORTED_EXACT,TEXT_SUPPORTED_EXACT,True,Verified in NL text: exact literal match found.
101963,72.0,assign_to_capacity,Yes,TEXT_SUPPORTED_EXACT,TEXT_SUPPORTED_EXACT,True,Verified in NL text: exact literal match found.
101963,50.0,assign_to_capacity | assign_to_capacity,Yes,TEXT_SUPPORTED_EXACT,TEXT_SUPPORTED_EXACT,True,Verified in NL text: exact literal match found.
101963,85.0,assign_to_capacity | assign_to_capacity,Yes,TEXT_SUPPORTED_EXACT,TEXT_SUPPORTED_EXACT,True,Verified in NL text: exact literal match found.
149428,7.0,assign_to_aircraft_types,Yes,TEXT_SUPPORTED_EXACT,TEXT_SUPPORTED_EXACT,True,Verified in NL text: exact literal match found.
149428,6.0,assign_to_routes,Yes,TEXT_SUPPORTED_EXACT,TEXT_SUPPORTED_EXACT,True,Verified in NL text: exact literal match found.
149428,5.0,assign_to_availability | assign_to_availability | assign_to_availability | assign_to_availability | assign_to_availability,Yes,TEXT_SUPPORTED_EXACT,TEXT_SUPPORTED_EXACT,True,Verified in NL text: exact literal match found.
149428,4.0,assign_to_availability | assign_to_availability,Yes,TEXT_SUPPORTED_EXACT,TEXT_SUPPORTED_EXACT,True,Verified in NL text: exact literal match found.
149428,245.0,assign_to_demand,Yes,TEXT_SUPPORTED_EXACT,TEXT_SUPPORTED_EXACT,True,Verified in NL text: exact literal match found.
149428,290.0,assign_to_demand,Yes,TEXT_SUPPORTED_EXACT,TEXT_SUPPORTED_EXACT,True,Verified in NL text: exact literal match found.
149428,295.0,assign_to_demand,Yes,TEXT_SUPPORTED_EXACT,TEXT_SUPPORTED_EXACT,True,Verified in NL text: exact literal match found.
149428,248.0,assign_to_demand,Yes,TEXT_SUPPORTED_EXACT,TEXT_SUPPORTED_EXACT,True,Verified in NL text: exact literal match found.
149428,209.0,assign_to_demand,Yes,TEXT_SUPPORTED_EXACT,TEXT_SUPPORTED_EXACT,True,Verified in NL text: exact literal match found.
149428,262.0,assign_to_demand,Yes,TEXT_SUPPORTED_EXACT,TEXT_SUPPORTED_EXACT,True,Verified in NL text: exact literal match found.
149428,103.0,assign_to_capacity,Yes,TEXT_SUPPORTED_EXACT,TEXT_SUPPORTED_EXACT,True,Verified in NL text: exact literal match found.
149428,102.0,assign_to_capacity,Yes,TEXT_SUPPORTED_EXACT,TEXT_SUPPORTED_EXACT,True,Verified in NL text: exact literal match found.
149428,113.0,assign_to_capacity | assign_to_capacity,Yes,TEXT_SUPPORTED_EXACT,TEXT_SUPPORTED_EXACT,True,Verified in NL text: exact literal match found.
149428,86.0,assign_to_capacity,Yes,TEXT_SUPPORTED_EXACT,TEXT_SUPPORTED_EXACT,True,Verified in NL text: exact literal match found.
149428,108.0,assign_to_capacity,Yes,TEXT_SUPPORTED_EXACT,TEXT_SUPPORTED_EXACT,True,Verified in NL text: exact literal match found.
149428,87.0,assign_to_capacity,Yes,TEXT_SUPPORTED_EXACT,TEXT_SUPPORTED_EXACT,True,Verified in NL text: exact literal match found.
149428,80.0,assign_to_capacity,Yes,TEXT_SUPPORTED_EXACT,TEXT_SUPPORTED_EXACT,True,Verified in NL text: exact literal match found.
149428,118.0,assign_to_capacity,Yes,TEXT_SUPPORTED_EXACT,TEXT_SUPPORTED_EXACT,True,Verified in NL text: exact literal match found.
149428,90.0,assign_to_capacity | assign_to_capacity | assign_to_capacity | assign_to_capacity | assign_to_capacity | assign_to_capacity,Yes,TEXT_SUPPORTED_EXACT,TEXT_SUPPORTED_EXACT,True,Verified in NL text: exact literal match found.
149428,110.0,assign_to_capacity | assign_to_capacity | assign_to_capacity,Yes,TEXT_SUPPORTED_EXACT,TEXT_SUPPORTED_EXACT,True,Verified in NL text: exact literal match found.
149428,95.0,assign_to_capacity | assign_to_capacity | assign_to_capacity | assign_to_capacity | assign_to_capacity | assign_to_capacity | assign_to_capacity | assign_to_capacity,Yes,TEXT_SUPPORTED_EXACT,TEXT_SUPPORTED_EXACT,True,Verified in NL text: exact literal match found.
149428,105.0,assign_to_capacity | assign_to_capacity | assign_to_capacity | assign_to_capacity,No,IMPLEMENTATION_ONLY,IMPLEMENTATION_ONLY,True,"Implementation detail: helper constant (e.g., large penalty coefficient / big-M) introduced by the code generator."
149428,120.0,assign_to_capacity,No,IMPLEMENTATION_ONLY,IMPLEMENTATION_ONLY,True,"Implementation detail: helper constant (e.g., large penalty coefficient / big-M) introduced by the code generator."
149428,100.0,assign_to_capacity | assign_to_capacity | assign_to_capacity | assign_to_capacity | assign_to_capacity | assign_to_capacity | assign_to_capacity,No,IMPLEMENTATION_ONLY,IMPLEMENTATION_ONLY,True,"Implementation detail: helper constant (e.g., large penalty coefficient / big-M) introduced by the code generator."
149428,115.0,assign_to_capacity,No,IMPLEMENTATION_ONLY,IMPLEMENTATION_ONLY,True,"Implementation detail: helper constant (e.g., large penalty coefficient / big-M) introduced by the code generator."
149428,85.0,assign_to_capacity | assign_to_capacity | assign_to_capacity,No,ARRAY_OR_DIMENSION_CONSTANT,ARRAY_OR_DIMENSION_CONSTANT,True,"Implementation detail: structural array size or shape parameter (e.g., number of items/facilities)."
149428,3207.0,assign_to_cost,Yes,TEXT_SUPPORTED_EXACT,TEXT_SUPPORTED_EXACT,True,Verified in NL text: exact literal match found.
149428,3379.0,assign_to_cost,Yes,TEXT_SUPPORTED_EXACT,TEXT_SUPPORTED_EXACT,True,Verified in NL text: exact literal match found.
149428,3400.0,assign_to_cost | assign_to_cost | assign_to_cost | assign_to_cost | assign_to_cost | assign_to_cost | assign_to_cost | assign_to_cost | assign_to_cost | assign_to_cost,No,IMPLEMENTATION_ONLY,IMPLEMENTATION_ONLY,True,"Implementation detail: helper constant (e.g., large penalty coefficient / big-M) introduced by the code generator."
149428,3300.0,assign_to_cost | assign_to_cost | assign_to_cost | assign_to_cost | assign_to_cost | assign_to_cost | assign_to_cost | assign_to_cost,No,IMPLEMENTATION_ONLY,IMPLEMENTATION_ONLY,True,"Implementation detail: helper constant (e.g., large penalty coefficient / big-M) introduced by the code generator."
149428,3200.0,assign_to_cost | assign_to_cost | assign_to_cost,Yes,TEXT_SUPPORTED_EXACT,TEXT_SUPPORTED_EXACT,True,Verified in NL text: exact literal match found.
149428,3649.0,assign_to_cost,Yes,TEXT_SUPPORTED_EXACT,TEXT_SUPPORTED_EXACT,True,Verified in NL text: exact literal match found.
149428,3516.0,assign_to_cost,Yes,TEXT_SUPPORTED_EXACT,TEXT_SUPPORTED_EXACT,True,Verified in NL text: exact literal match found.
149428,3600.0,assign_to_cost | assign_to_cost | assign_to_cost | assign_to_cost | assign_to_cost | assign_to_cost,No,IMPLEMENTATION_ONLY,IMPLEMENTATION_ONLY,True,"Implementation detail: helper constant (e.g., large penalty coefficient / big-M) introduced by the code generator."
149428,3783.0,assign_to_cost,Yes,TEXT_SUPPORTED_EXACT,TEXT_SUPPORTED_EXACT,True,Verified in NL text: exact literal match found.
149428,3500.0,assign_to_cost | assign_to_cost | assign_to_cost | assign_to_cost | assign_to_cost | assign_to_cost | assign_to_cost | assign_to_cost,No,IMPLEMENTATION_ONLY,IMPLEMENTATION_ONLY,True,"Implementation detail: helper constant (e.g., large penalty coefficient / big-M) introduced by the code generator."
149428,3700.0,assign_to_cost | assign_to_cost,No,IMPLEMENTATION_ONLY,IMPLEMENTATION_ONLY,True,"Implementation detail: helper constant (e.g., large penalty coefficient / big-M) introduced by the code generator."
90911,5.0,assign_to_aircraft_availability | assign_to_aircraft_availability,Yes,TEXT_SUPPORTED_EXACT,TEXT_SUPPORTED_EXACT,True,Verified in NL text: exact literal match found.
90911,4.0,assign_to_aircraft_availability | assign_to_aircraft_availability | assign_to_aircraft_availability | assign_to_aircraft_availability,Yes,TEXT_SUPPORTED_EXACT,TEXT_SUPPORTED_EXACT,True,Verified in NL text: exact literal match found.
90911,211.0,assign_to_route_demands,Yes,TEXT_SUPPORTED_EXACT,TEXT_SUPPORTED_EXACT,True,Verified in NL text: exact literal match found.
90911,220.0,assign_to_route_demands,Yes,TEXT_SUPPORTED_EXACT,TEXT_SUPPORTED_EXACT,True,Verified in NL text: exact literal match found.
90911,292.0,assign_to_route_demands,Yes,TEXT_SUPPORTED_EXACT,TEXT_SUPPORTED_EXACT,True,Verified in NL text: exact literal match found.
90911,281.0,assign_to_route_demands,Yes,TEXT_SUPPORTED_EXACT,TEXT_SUPPORTED_EXACT,True,Verified in NL text: exact literal match found.
90911,291.0,assign_to_route_demands,Yes,TEXT_SUPPORTED_EXACT,TEXT_SUPPORTED_EXACT,True,Verified in NL text: exact literal match found.
90911,261.0,assign_to_route_demands,Yes,TEXT_SUPPORTED_EXACT,TEXT_SUPPORTED_EXACT,True,Verified in NL text: exact literal match found.
90911,93.0,assign_to_capacity | assign_to_capacity,Yes,TEXT_SUPPORTED_EXACT,TEXT_SUPPORTED_EXACT,True,Verified in NL text: exact literal match found.
90911,91.0,assign_to_capacity | assign_to_capacity,Yes,TEXT_SUPPORTED_EXACT,TEXT_SUPPORTED_EXACT,True,Verified in NL text: exact literal match found.
90911,111.0,assign_to_capacity | assign_to_capacity,Yes,TEXT_SUPPORTED_EXACT,TEXT_SUPPORTED_EXACT,True,Verified in NL text: exact literal match found.
90911,82.0,assign_to_capacity | assign_to_capacity | assign_to_capacity,Yes,TEXT_SUPPORTED_EXACT,TEXT_SUPPORTED_EXACT,True,Verified in NL text: exact literal match found.
90911,120.0,assign_to_capacity | assign_to_capacity,Yes,TEXT_SUPPORTED_EXACT,TEXT_SUPPORTED_EXACT,True,Verified in NL text: exact literal match found.
90911,83.0,assign_to_capacity,Yes,TEXT_SUPPORTED_EXACT,TEXT_SUPPORTED_EXACT,True,Verified in NL text: exact literal match found.
90911,112.0,assign_to_capacity | assign_to_capacity,Yes,TEXT_SUPPORTED_EXACT,TEXT_SUPPORTED_EXACT,True,Verified in NL text: exact literal match found.
90911,101.0,assign_to_capacity | assign_to_capacity,Yes,TEXT_SUPPORTED_EXACT,TEXT_SUPPORTED_EXACT,True,Verified in NL text: exact literal match found.
90911,105.0,assign_to_capacity | assign_to_capacity,Yes,TEXT_SUPPORTED_EXACT,TEXT_SUPPORTED_EXACT,True,Verified in NL text: exact literal match found.
90911,117.0,assign_to_capacity | assign_to_capacity,Yes,TEXT_SUPPORTED_EXACT,TEXT_SUPPORTED_EXACT,True,Verified in NL text: exact literal match found.
90911,89.0,assign_to_capacity | assign_to_capacity,Yes,TEXT_SUPPORTED_EXACT,TEXT_SUPPORTED_EXACT,True,Verified in NL text: exact literal match found.
90911,115.0,assign_to_capacity,Yes,TEXT_SUPPORTED_EXACT,TEXT_SUPPORTED_EXACT,True,Verified in NL text: exact literal match found.
90911,87.0,assign_to_capacity,Yes,TEXT_SUPPORTED_EXACT,TEXT_SUPPORTED_EXACT,True,Verified in NL text: exact literal match found.
90911,109.0,assign_to_capacity,Yes,TEXT_SUPPORTED_EXACT,TEXT_SUPPORTED_EXACT,True,Verified in NL text: exact literal match found.
90911,107.0,assign_to_capacity,Yes,TEXT_SUPPORTED_EXACT,TEXT_SUPPORTED_EXACT,True,Verified in NL text: exact literal match found.
90911,118.0,assign_to_capacity,Yes,TEXT_SUPPORTED_EXACT,TEXT_SUPPORTED_EXACT,True,Verified in NL text: exact literal match found.
90911,110.0,assign_to_capacity,Yes,TEXT_SUPPORTED_EXACT,TEXT_SUPPORTED_EXACT,True,Verified in NL text: exact literal match found.
90911,94.0,assign_to_capacity,Yes,TEXT_SUPPORTED_EXACT,TEXT_SUPPORTED_EXACT,True,Verified in NL text: exact literal match found.
90911,90.0,assign_to_capacity,Yes,TEXT_SUPPORTED_EXACT,TEXT_SUPPORTED_EXACT,True,Verified in NL text: exact literal match found.
90911,116.0,assign_to_capacity,Yes,TEXT_SUPPORTED_EXACT,TEXT_SUPPORTED_EXACT,True,Verified in NL text: exact literal match found.
90911,81.0,assign_to_capacity,Yes,TEXT_SUPPORTED_EXACT,TEXT_SUPPORTED_EXACT,True,Verified in NL text: exact literal match found.
90911,96.0,assign_to_capacity,Yes,TEXT_SUPPORTED_EXACT,TEXT_SUPPORTED_EXACT,True,Verified in NL text: exact literal match found.
90911,114.0,assign_to_capacity,Yes,TEXT_SUPPORTED_EXACT,TEXT_SUPPORTED_EXACT,True,Verified in NL text: exact literal match found.
90911,108.0,assign_to_capacity,Yes,TEXT_SUPPORTED_EXACT,TEXT_SUPPORTED_EXACT,True,Verified in NL text: exact literal match found.
90911,88.0,assign_to_capacity,Yes,TEXT_SUPPORTED_EXACT,TEXT_SUPPORTED_EXACT,True,Verified in NL text: exact literal match found.
90911,3423.0,assign_to_cost,Yes,TEXT_SUPPORTED_EXACT,TEXT_SUPPORTED_EXACT,True,Verified in NL text: exact literal match found.
90911,3722.0,assign_to_cost,Yes,TEXT_SUPPORTED_EXACT,TEXT_SUPPORTED_EXACT,True,Verified in NL text: exact literal match found.
90911,3798.0,assign_to_cost,Yes,TEXT_SUPPORTED_EXACT,TEXT_SUPPORTED_EXACT,True,Verified in NL text: exact literal match found.
90911,3491.0,assign_to_cost,Yes,TEXT_SUPPORTED_EXACT,TEXT_SUPPORTED_EXACT,True,Verified in NL text: exact literal match found.
90911,3300.0,assign_to_cost,Yes,TEXT_SUPPORTED_EXACT,TEXT_SUPPORTED_EXACT,True,Verified in NL text: exact literal match found.
90911,3738.0,assign_to_cost,Yes,TEXT_SUPPORTED_EXACT,TEXT_SUPPORTED_EXACT,True,Verified in NL text: exact literal match found.
90911,3367.0,assign_to_cost,Yes,TEXT_SUPPORTED_EXACT,TEXT_SUPPORTED_EXACT,True,Verified in NL text: exact literal match found.
90911,3739.0,assign_to_cost,Yes,TEXT_SUPPORTED_EXACT,TEXT_SUPPORTED_EXACT,True,Verified in NL text: exact literal match found.
90911,3566.0,assign_to_cost,Yes,TEXT_SUPPORTED_EXACT,TEXT_SUPPORTED_EXACT,True,Verified in NL text: exact literal match found.
90911,3224.0,assign_to_cost,Yes,TEXT_SUPPORTED_EXACT,TEXT_SUPPORTED_EXACT,True,Verified in NL text: exact literal match found.
90911,3251.0,assign_to_cost,Yes,TEXT_SUPPORTED_EXACT,TEXT_SUPPORTED_EXACT,True,Verified in NL text: exact literal match found.
90911,3531.0,assign_to_cost,Yes,TEXT_SUPPORTED_EXACT,TEXT_SUPPORTED_EXACT,True,Verified in NL text: exact literal match found.
90911,3754.0,assign_to_cost,Yes,TEXT_SUPPORTED_EXACT,TEXT_SUPPORTED_EXACT,True,Verified in NL text: exact literal match found.
90911,3316.0,assign_to_cost,Yes,TEXT_SUPPORTED_EXACT,TEXT_SUPPORTED_EXACT,True,Verified in NL text: exact literal match found.
90911,3693.0,assign_to_cost,Yes,TEXT_SUPPORTED_EXACT,TEXT_SUPPORTED_EXACT,True,Verified in NL text: exact literal match found.
90911,3200.0,assign_to_cost,Yes,TEXT_SUPPORTED_EXACT,TEXT_SUPPORTED_EXACT,True,Verified in NL text: exact literal match found.
90911,3386.0,assign_to_cost,Yes,TEXT_SUPPORTED_EXACT,TEXT_SUPPORTED_EXACT,True,Verified in NL text: exact literal match found.
90911,3358.0,assign_to_cost,Yes,TEXT_SUPPORTED_EXACT,TEXT_SUPPORTED_EXACT,True,Verified in NL text: exact literal match found.
90911,3495.0,assign_to_cost,Yes,TEXT_SUPPORTED_EXACT,TEXT_SUPPORTED_EXACT,True,Verified in NL text: exact literal match found.
90911,3432.0,assign_to_cost,Yes,TEXT_SUPPORTED_EXACT,TEXT_SUPPORTED_EXACT,True,Verified in NL text: exact literal match found.
90911,3478.0,assign_to_cost,Yes,TEXT_SUPPORTED_EXACT,TEXT_SUPPORTED_EXACT,True,Verified in NL text: exact literal match found.
90911,3677.0,assign_to_cost,Yes,TEXT_SUPPORTED_EXACT,TEXT_SUPPORTED_EXACT,True,Verified in NL text: exact literal match found.
90911,3746.0,assign_to_cost,Yes,TEXT_SUPPORTED_EXACT,TEXT_SUPPORTED_EXACT,True,Verified in NL text: exact literal match found.
90911,3238.0,assign_to_cost,Yes,TEXT_SUPPORTED_EXACT,TEXT_SUPPORTED_EXACT,True,Verified in NL text: exact literal match found.
90911,3712.0,assign_to_cost,Yes,TEXT_SUPPORTED_EXACT,TEXT_SUPPORTED_EXACT,True,Verified in NL text: exact literal match found.
90911,3727.0,assign_to_cost | assign_to_cost,Yes,TEXT_SUPPORTED_EXACT,TEXT_SUPPORTED_EXACT,True,Verified in NL text: exact literal match found.
90911,3468.0,assign_to_cost,Yes,TEXT_SUPPORTED_EXACT,TEXT_SUPPORTED_EXACT,True,Verified in NL text: exact literal match found.
90911,3256.0,assign_to_cost,Yes,TEXT_SUPPORTED_EXACT,TEXT_SUPPORTED_EXACT,True,Verified in NL text: exact literal match found.
90911,3249.0,assign_to_cost,Yes,TEXT_SUPPORTED_EXACT,TEXT_SUPPORTED_EXACT,True,Verified in NL text: exact literal match found.
90911,3681.0,assign_to_cost,Yes,TEXT_SUPPORTED_EXACT,TEXT_SUPPORTED_EXACT,True,Verified in NL text: exact literal match found.
90911,3795.0,assign_to_cost,Yes,TEXT_SUPPORTED_EXACT,TEXT_SUPPORTED_EXACT,True,Verified in NL text: exact literal match found.
90911,3788.0,assign_to_cost,Yes,TEXT_SUPPORTED_EXACT,TEXT_SUPPORTED_EXACT,True,Verified in NL text: exact literal match found.
90911,3660.0,assign_to_cost,Yes,TEXT_SUPPORTED_EXACT,TEXT_SUPPORTED_EXACT,True,Verified in NL text: exact literal match found.
90911,3664.0,assign_to_cost,Yes,TEXT_SUPPORTED_EXACT,TEXT_SUPPORTED_EXACT,True,Verified in NL text: exact literal match found.
90911,3255.0,assign_to_cost,Yes,TEXT_SUPPORTED_EXACT,TEXT_SUPPORTED_EXACT,True,Verified in NL text: exact literal match found.
90911,6.0,inside_call_range; in_range | inside_call_range; in_range | inside_call_range; in_range | inside_call_range; in_range | inside_call_range; in_range | inside_call_range; in_range | inside_call_range; in_range | inside_call_range; in_range | inside_call_range; in_range | inside_call_range; in_range,Yes,TEXT_SUPPORTED_EXACT,TEXT_SUPPORTED_EXACT,True,Verified in NL text: exact literal match found.
25980,2.0,assign_to_costs | assign_to_costs | assign_to_costs | assign_to_costs | assign_to_costs | assign_to_costs | assign_to_costs | assign_to_costs | assign_to_costs | inside_call_model.addConstr | inside_call_model.addConstr; in_index,Yes,TEXT_SUPPORTED_EXACT,TEXT_SUPPORTED_EXACT,True,Verified in NL text: exact literal match found.
25980,3.0,assign_to_costs | assign_to_costs | assign_to_costs | assign_to_costs | assign_to_costs | assign_to_costs | assign_to_costs | assign_to_costs | assign_to_costs | inside_call_model.addConstr; in_index,Yes,TEXT_SUPPORTED_EXACT,TEXT_SUPPORTED_EXACT,True,Verified in NL text: exact literal match found.
25980,4.0,assign_to_costs | assign_to_costs | assign_to_costs | assign_to_costs | inside_call_range; in_range | inside_call_range; in_range | inside_call_range; in_range | inside_call_range; in_range,Yes,TEXT_SUPPORTED_EXACT,TEXT_SUPPORTED_EXACT,True,Verified in NL text: exact literal match found.
25980,0.3849,assign_to_costs,Yes,TEXT_SUPPORTED_EXACT,TEXT_SUPPORTED_EXACT,True,Verified in NL text: exact literal match found.
25980,0.5223,assign_to_costs,Yes,TEXT_SUPPORTED_EXACT,TEXT_SUPPORTED_EXACT,True,Verified in NL text: exact literal match found.
25980,0.4718,assign_to_costs,Yes,TEXT_SUPPORTED_EXACT,TEXT_SUPPORTED_EXACT,True,Verified in NL text: exact literal match found.
25980,0.5251,assign_to_costs,Yes,TEXT_SUPPORTED_EXACT,TEXT_SUPPORTED_EXACT,True,Verified in NL text: exact literal match found.
25980,0.3761,assign_to_costs,Yes,TEXT_SUPPORTED_EXACT,TEXT_SUPPORTED_EXACT,True,Verified in NL text: exact literal match found.
25980,0.3203,assign_to_costs,Yes,TEXT_SUPPORTED_EXACT,TEXT_SUPPORTED_EXACT,True,Verified in NL text: exact literal match found.
25980,0.5233,assign_to_costs,Yes,TEXT_SUPPORTED_EXACT,TEXT_SUPPORTED_EXACT,True,Verified in NL text: exact literal match found.
25980,0.6623,assign_to_costs,Yes,TEXT_SUPPORTED_EXACT,TEXT_SUPPORTED_EXACT,True,Verified in NL text: exact literal match found.
25980,0.4395,assign_to_costs,Yes,TEXT_SUPPORTED_EXACT,TEXT_SUPPORTED_EXACT,True,Verified in NL text: exact literal match found.
25980,0.4115,assign_to_costs,Yes,TEXT_SUPPORTED_EXACT,TEXT_SUPPORTED_EXACT,True,Verified in NL text: exact literal match found.
25980,0.5458,assign_to_costs,Yes,TEXT_SUPPORTED_EXACT,TEXT_SUPPORTED_EXACT,True,Verified in NL text: exact literal match found.
25980,0.4573,assign_to_costs,Yes,TEXT_SUPPORTED_EXACT,TEXT_SUPPORTED_EXACT,True,Verified in NL text: exact literal match found.
25980,0.5627,assign_to_costs,Yes,TEXT_SUPPORTED_EXACT,TEXT_SUPPORTED_EXACT,True,Verified in NL text: exact literal match found.
25980,0.3692,assign_to_costs,Yes,TEXT_SUPPORTED_EXACT,TEXT_SUPPORTED_EXACT,True,Verified in NL text: exact literal match found.
25980,0.6958,assign_to_costs,Yes,TEXT_SUPPORTED_EXACT,TEXT_SUPPORTED_EXACT,True,Verified in NL text: exact literal match found.
25980,0.3374,assign_to_costs,Yes,TEXT_SUPPORTED_EXACT,TEXT_SUPPORTED_EXACT,True,Verified in NL text: exact literal match found.
25980,0.4366,assign_to_costs,Yes,TEXT_SUPPORTED_EXACT,TEXT_SUPPORTED_EXACT,True,Verified in NL text: exact literal match found.
25980,0.6255,assign_to_costs,Yes,TEXT_SUPPORTED_EXACT,TEXT_SUPPORTED_EXACT,True,Verified in NL text: exact literal match found.
25980,0.6249,assign_to_costs,Yes,TEXT_SUPPORTED_EXACT,TEXT_SUPPORTED_EXACT,True,Verified in NL text: exact literal match found.
25980,0.4717,assign_to_costs,Yes,TEXT_SUPPORTED_EXACT,TEXT_SUPPORTED_EXACT,True,Verified in NL text: exact literal match found.
25980,5.0,inside_call_range; in_range | inside_call_range; in_range | inside_call_range; in_range | inside_call_range; in_range,Yes,TEXT_SUPPORTED_EXACT,TEXT_SUPPORTED_EXACT,True,Verified in NL text: exact literal match found.
25980,0.5,is_x_compare,No,SOLVER_OR_API_CONSTANT,SOLVER_OR_API_CONSTANT,True,"Implementation detail: Gurobi solver parameter, status constant, or comparison threshold (e.g. status == 2 or x > 0.5)."
36140,2.0,assign_to_costs | assign_to_costs | assign_to_costs | assign_to_costs | assign_to_costs | assign_to_costs | assign_to_costs | assign_to_costs | assign_to_costs | inside_call_model.addConstr; in_index,Yes,TEXT_SUPPORTED_EXACT,TEXT_SUPPORTED_EXACT,True,Verified in NL text: exact literal match found.
36140,3.0,assign_to_costs | assign_to_costs | assign_to_costs | assign_to_costs | assign_to_costs | assign_to_costs | assign_to_costs | assign_to_costs | assign_to_costs | inside_call_model.addConstr | inside_call_model.addConstr; in_index | inside_call_model.addConstr; in_index | inside_call_model.addConstr; in_index | inside_call_model.addConstr; in_index,Yes,TEXT_SUPPORTED_EXACT,TEXT_SUPPORTED_EXACT,True,Verified in NL text: exact literal match found.
36140,4.0,assign_to_costs | assign_to_costs | assign_to_costs | assign_to_costs | inside_call_range; in_range | inside_call_range; in_range,Yes,TEXT_SUPPORTED_EXACT,TEXT_SUPPORTED_EXACT,True,Verified in NL text: exact literal match found.
36140,0.667,assign_to_costs,Yes,TEXT_SUPPORTED_EXACT,TEXT_SUPPORTED_EXACT,True,Verified in NL text: exact literal match found.
36140,0.528,assign_to_costs,Yes,TEXT_SUPPORTED_EXACT,TEXT_SUPPORTED_EXACT,True,Verified in NL text: exact literal match found.
36140,0.628,assign_to_costs,Yes,TEXT_SUPPORTED_EXACT,TEXT_SUPPORTED_EXACT,True,Verified in NL text: exact literal match found.
36140,0.663,assign_to_costs,Yes,TEXT_SUPPORTED_EXACT,TEXT_SUPPORTED_EXACT,True,Verified in NL text: exact literal match found.
36140,0.551,assign_to_costs,Yes,TEXT_SUPPORTED_EXACT,TEXT_SUPPORTED_EXACT,True,Verified in NL text: exact literal match found.
36140,0.696,assign_to_costs,Yes,TEXT_SUPPORTED_EXACT,TEXT_SUPPORTED_EXACT,True,Verified in NL text: exact literal match found.
36140,0.607,assign_to_costs,Yes,TEXT_SUPPORTED_EXACT,TEXT_SUPPORTED_EXACT,True,Verified in NL text: exact literal match found.
36140,0.66,assign_to_costs,Yes,TEXT_SUPPORTED_EXACT,TEXT_SUPPORTED_EXACT,True,Verified in NL text: exact literal match found.
36140,0.508,assign_to_costs,Yes,TEXT_SUPPORTED_EXACT,TEXT_SUPPORTED_EXACT,True,Verified in NL text: exact literal match found.
36140,0.563,assign_to_costs,Yes,TEXT_SUPPORTED_EXACT,TEXT_SUPPORTED_EXACT,True,Verified in NL text: exact literal match found.
36140,0.676,assign_to_costs,Yes,TEXT_SUPPORTED_EXACT,TEXT_SUPPORTED_EXACT,True,Verified in NL text: exact literal match found.
36140,0.503,assign_to_costs,Yes,TEXT_SUPPORTED_EXACT,TEXT_SUPPORTED_EXACT,True,Verified in NL text: exact literal match found.
36140,0.602,assign_to_costs,Yes,TEXT_SUPPORTED_EXACT,TEXT_SUPPORTED_EXACT,True,Verified in NL text: exact literal match found.
36140,0.576,assign_to_costs,Yes,TEXT_SUPPORTED_EXACT,TEXT_SUPPORTED_EXACT,True,Verified in NL text: exact literal match found.
36140,0.684,assign_to_costs,Yes,TEXT_SUPPORTED_EXACT,TEXT_SUPPORTED_EXACT,True,Verified in NL text: exact literal match found.
36140,0.636,assign_to_costs,Yes,TEXT_SUPPORTED_EXACT,TEXT_SUPPORTED_EXACT,True,Verified in NL text: exact literal match found.
36140,0.5,assign_to_costs | assign_to_costs | is_x_compare,Yes,TEXT_SUPPORTED_EXACT,TEXT_SUPPORTED_EXACT,True,Verified in NL text: exact literal match found.
36140,0.568,assign_to_costs,Yes,TEXT_SUPPORTED_EXACT,TEXT_SUPPORTED_EXACT,True,Verified in NL text: exact literal match found.
36140,0.679,assign_to_costs,Yes,TEXT_SUPPORTED_EXACT,TEXT_SUPPORTED_EXACT,True,Verified in NL text: exact literal match found.
36140,5.0,inside_call_range; in_range | inside_call_range; in_range,Yes,TEXT_SUPPORTED_EXACT,TEXT_SUPPORTED_EXACT,True,Verified in NL text: exact literal match found.
78896,2.0,assign_to_cities | assign_to_supply_demand | assign_to_costs | assign_to_costs | assign_to_costs | assign_to_costs | assign_to_costs | assign_to_costs | assign_to_costs | assign_to_costs | assign_to_costs | assign_to_costs | assign_to_costs | assign_to_costs | assign_to_costs | assign_to_costs | assign_to_costs | assign_to_costs | assign_to_costs | assign_to_costs | assign_to_costs | assign_to_capacities | assign_to_capacities | assign_to_capacities | assign_to_capacities | assign_to_capacities | assign_to_capacities | assign_to_capacities | assign_to_capacities | assign_to_capacities | assign_to_capacities | assign_to_capacities | assign_to_capacities | assign_to_capacities | assign_to_capacities,Yes,TEXT_SUPPORTED_EXACT,TEXT_SUPPORTED_EXACT,True,Verified in NL text: exact literal match found.
78896,3.0,assign_to_cities | assign_to_supply_demand | assign_to_costs | assign_to_costs | assign_to_costs | assign_to_costs | assign_to_costs | assign_to_costs | assign_to_costs | assign_to_costs | assign_to_costs | assign_to_costs | assign_to_costs | assign_to_costs | assign_to_costs | assign_to_costs | assign_to_costs | assign_to_costs | assign_to_costs | assign_to_costs | assign_to_costs | assign_to_costs | assign_to_costs | assign_to_costs | assign_to_costs | assign_to_costs | assign_to_costs | assign_to_capacities | assign_to_capacities | assign_to_capacities | assign_to_capacities | assign_to_capacities | assign_to_capacities | assign_to_capacities | assign_to_capacities | assign_to_capacities | assign_to_capacities | assign_to_capacities | assign_to_capacities | assign_to_capacities | assign_to_capacities,Yes,TEXT_SUPPORTED_EXACT,TEXT_SUPPORTED_EXACT,True,Verified in NL text: exact literal match found.
78896,4.0,assign_to_cities | assign_to_supply_demand | assign_to_costs | assign_to_costs | assign_to_costs | assign_to_costs | assign_to_costs | assign_to_costs | assign_to_costs | assign_to_costs | assign_to_costs | assign_to_costs | assign_to_costs | assign_to_costs | assign_to_costs | assign_to_costs | assign_to_costs | assign_to_costs | assign_to_costs | assign_to_costs | assign_to_costs | assign_to_costs | assign_to_capacities | assign_to_capacities | assign_to_capacities | assign_to_capacities | assign_to_capacities | assign_to_capacities | assign_to_capacities | assign_to_capacities | assign_to_capacities | assign_to_capacities | assign_to_capacities | assign_to_capacities | assign_to_capacities | assign_to_capacities,Yes,TEXT_SUPPORTED_EXACT,TEXT_SUPPORTED_EXACT,True,Verified in NL text: exact literal match found.
78896,5.0,assign_to_cities | assign_to_supply_demand | assign_to_costs | assign_to_costs | assign_to_costs | assign_to_costs | assign_to_costs | assign_to_costs | assign_to_costs | assign_to_costs | assign_to_costs | assign_to_costs | assign_to_costs | assign_to_costs | assign_to_costs | assign_to_costs | assign_to_costs | assign_to_costs | assign_to_costs | assign_to_costs | assign_to_costs | assign_to_costs | assign_to_costs | assign_to_costs | assign_to_capacities | assign_to_capacities | assign_to_capacities | assign_to_capacities | assign_to_capacities | assign_to_capacities | assign_to_capacities | assign_to_capacities | assign_to_capacities | assign_to_capacities | assign_to_capacities | assign_to_capacities | assign_to_capacities | assign_to_capacities,Yes,TEXT_SUPPORTED_EXACT,TEXT_SUPPORTED_EXACT,True,Verified in NL text: exact literal match found.
78896,6.0,assign_to_cities | assign_to_supply_demand | assign_to_costs | assign_to_costs | assign_to_costs | assign_to_costs | assign_to_costs | assign_to_costs | assign_to_costs | assign_to_costs | assign_to_costs | assign_to_costs | assign_to_costs | assign_to_costs | assign_to_costs | assign_to_costs | assign_to_costs | assign_to_costs | assign_to_costs | assign_to_capacities | assign_to_capacities | assign_to_capacities | assign_to_capacities | assign_to_capacities | assign_to_capacities | assign_to_capacities | assign_to_capacities | assign_to_capacities | assign_to_capacities | assign_to_capacities | assign_to_capacities | assign_to_capacities | assign_to_capacities,Yes,TEXT_SUPPORTED_EXACT,TEXT_SUPPORTED_EXACT,True,Verified in NL text: exact literal match found.
78896,7.0,assign_to_cities | assign_to_supply_demand | assign_to_costs | assign_to_costs | assign_to_costs | assign_to_costs | assign_to_costs | assign_to_costs | assign_to_costs | assign_to_costs | assign_to_costs | assign_to_costs | assign_to_costs | assign_to_costs | assign_to_costs | assign_to_costs | assign_to_costs | assign_to_costs | assign_to_costs | assign_to_costs | assign_to_costs | assign_to_costs | assign_to_costs | assign_to_costs | assign_to_costs | assign_to_costs | assign_to_costs | assign_to_costs | assign_to_capacities | assign_to_capacities | assign_to_capacities | assign_to_capacities | assign_to_capacities | assign_to_capacities | assign_to_capacities | assign_to_capacities | assign_to_capacities | assign_to_capacities | assign_to_capacities | assign_to_capacities | assign_to_capacities | assign_to_capacities,Yes,TEXT_SUPPORTED_EXACT,TEXT_SUPPORTED_EXACT,True,Verified in NL text: exact literal match found.
78896,-5.0,assign_to_supply_demand | assign_to_supply_demand,Yes,TEXT_SUPPORTED_DERIVED,TEXT_SUPPORTED_DERIVED,True,Verified in NL text: value derived deterministically (e.g. negated objective coefficient or multiplier).
78896,24.0,assign_to_supply_demand | assign_to_capacities | assign_to_capacities,Yes,TEXT_SUPPORTED_EXACT,TEXT_SUPPORTED_EXACT,True,Verified in NL text: exact literal match found.
78896,-23.0,assign_to_supply_demand,Yes,TEXT_SUPPORTED_DERIVED,TEXT_SUPPORTED_DERIVED,True,Verified in NL text: value derived deterministically (e.g. negated objective coefficient or multiplier).
78896,16.0,assign_to_supply_demand | assign_to_capacities | assign_to_capacities,Yes,TEXT_SUPPORTED_EXACT,TEXT_SUPPORTED_EXACT,True,Verified in NL text: exact literal match found.
78896,21.0,assign_to_supply_demand | assign_to_capacities | assign_to_capacities,Yes,TEXT_SUPPORTED_EXACT,TEXT_SUPPORTED_EXACT,True,Verified in NL text: exact literal match found.
78896,-54.0,assign_to_supply_demand,Yes,TEXT_SUPPORTED_DERIVED,TEXT_SUPPORTED_DERIVED,True,Verified in NL text: value derived deterministically (e.g. negated objective coefficient or multiplier).
78896,26.0,assign_to_supply_demand | assign_to_capacities | assign_to_capacities,Yes,TEXT_SUPPORTED_EXACT,TEXT_SUPPORTED_EXACT,True,Verified in NL text: exact literal match found.
78896,8.0,assign_to_costs | assign_to_costs | assign_to_costs | assign_to_costs | assign_to_costs | assign_to_costs | assign_to_costs | assign_to_costs | assign_to_costs | assign_to_costs | assign_to_costs,Yes,TEXT_SUPPORTED_EXACT,TEXT_SUPPORTED_EXACT,True,Verified in NL text: exact literal match found.
78896,32.0,assign_to_capacities | assign_to_capacities | assign_to_capacities,Yes,TEXT_SUPPORTED_EXACT,TEXT_SUPPORTED_EXACT,True,Verified in NL text: exact literal match found.
78896,30.0,assign_to_capacities | assign_to_capacities | assign_to_capacities | assign_to_capacities,Yes,TEXT_SUPPORTED_EXACT,TEXT_SUPPORTED_EXACT,True,Verified in NL text: exact literal match found.
78896,34.0,assign_to_capacities | assign_to_capacities,Yes,TEXT_SUPPORTED_EXACT,TEXT_SUPPORTED_EXACT,True,Verified in NL text: exact literal match found.
78896,50.0,assign_to_capacities,Yes,TEXT_SUPPORTED_EXACT,TEXT_SUPPORTED_EXACT,True,Verified in NL text: exact literal match found.
78896,12.0,assign_to_capacities | assign_to_capacities,Yes,TEXT_SUPPORTED_EXACT,TEXT_SUPPORTED_EXACT,True,Verified in NL text: exact literal match found.
78896,39.0,assign_to_capacities | assign_to_capacities,Yes,TEXT_SUPPORTED_EXACT,TEXT_SUPPORTED_EXACT,True,Verified in NL text: exact literal match found.
78896,17.0,assign_to_capacities | assign_to_capacities | assign_to_capacities,Yes,TEXT_SUPPORTED_EXACT,TEXT_SUPPORTED_EXACT,True,Verified in NL text: exact literal match found.
78896,23.0,assign_to_capacities | assign_to_capacities | assign_to_capacities,Yes,TEXT_SUPPORTED_EXACT,TEXT_SUPPORTED_EXACT,True,Verified in NL text: exact literal match found.
78896,35.0,assign_to_capacities | assign_to_capacities,Yes,TEXT_SUPPORTED_EXACT,TEXT_SUPPORTED_EXACT,True,Verified in NL text: exact literal match found.
78896,37.0,assign_to_capacities | assign_to_capacities | assign_to_capacities,Yes,TEXT_SUPPORTED_EXACT,TEXT_SUPPORTED_EXACT,True,Verified in NL text: exact literal match found.
78896,33.0,assign_to_capacities,Yes,TEXT_SUPPORTED_EXACT,TEXT_SUPPORTED_EXACT,True,Verified in NL text: exact literal match found.
78896,13.0,assign_to_capacities,Yes,TEXT_SUPPORTED_EXACT,TEXT_SUPPORTED_EXACT,True,Verified in NL text: exact literal match found.
78896,40.0,assign_to_capacities,Yes,TEXT_SUPPORTED_EXACT,TEXT_SUPPORTED_EXACT,True,Verified in NL text: exact literal match found.
78896,49.0,assign_to_capacities | assign_to_capacities | assign_to_capacities,Yes,TEXT_SUPPORTED_EXACT,TEXT_SUPPORTED_EXACT,True,Verified in NL text: exact literal match found.
78896,45.0,assign_to_capacities | assign_to_capacities,Yes,TEXT_SUPPORTED_EXACT,TEXT_SUPPORTED_EXACT,True,Verified in NL text: exact literal match found.
78896,27.0,assign_to_capacities,Yes,TEXT_SUPPORTED_EXACT,TEXT_SUPPORTED_EXACT,True,Verified in NL text: exact literal match found.
78896,41.0,assign_to_capacities,Yes,TEXT_SUPPORTED_EXACT,TEXT_SUPPORTED_EXACT,True,Verified in NL text: exact literal match found.
78896,44.0,assign_to_capacities | assign_to_capacities,Yes,TEXT_SUPPORTED_EXACT,TEXT_SUPPORTED_EXACT,True,Verified in NL text: exact literal match found.
78896,10.0,assign_to_capacities,Yes,TEXT_SUPPORTED_EXACT,TEXT_SUPPORTED_EXACT,True,Verified in NL text: exact literal match found.
78896,18.0,assign_to_capacities,Yes,TEXT_SUPPORTED_EXACT,TEXT_SUPPORTED_EXACT,True,Verified in NL text: exact literal match found.
78896,29.0,assign_to_capacities,Yes,TEXT_SUPPORTED_EXACT,TEXT_SUPPORTED_EXACT,True,Verified in NL text: exact literal match found.
78896,15.0,assign_to_capacities,Yes,TEXT_SUPPORTED_EXACT,TEXT_SUPPORTED_EXACT,True,Verified in NL text: exact literal match found.
78896,47.0,assign_to_capacities,Yes,TEXT_SUPPORTED_EXACT,TEXT_SUPPORTED_EXACT,True,Verified in NL text: exact literal match found.
78896,22.0,assign_to_capacities,Yes,TEXT_SUPPORTED_EXACT,TEXT_SUPPORTED_EXACT,True,Verified in NL text: exact literal match found.
78896,31.0,assign_to_capacities,Yes,TEXT_SUPPORTED_EXACT,TEXT_SUPPORTED_EXACT,True,Verified in NL text: exact literal match found.
78896,11.0,assign_to_capacities,Yes,TEXT_SUPPORTED_EXACT,TEXT_SUPPORTED_EXACT,True,Verified in NL text: exact literal match found.
78896,36.0,assign_to_capacities,Yes,TEXT_SUPPORTED_EXACT,TEXT_SUPPORTED_EXACT,True,Verified in NL text: exact literal match found.
78896,28.0,assign_to_capacities,Yes,TEXT_SUPPORTED_EXACT,TEXT_SUPPORTED_EXACT,True,Verified in NL text: exact literal match found.
78896,38.0,assign_to_capacities,Yes,TEXT_SUPPORTED_EXACT,TEXT_SUPPORTED_EXACT,True,Verified in NL text: exact literal match found.
19998,483.0,assign_to_supply,Yes,TEXT_SUPPORTED_EXACT,TEXT_SUPPORTED_EXACT,True,Verified in NL text: exact literal match found.
19998,292.0,assign_to_supply,Yes,TEXT_SUPPORTED_EXACT,TEXT_SUPPORTED_EXACT,True,Verified in NL text: exact literal match found.
19998,325.0,assign_to_supply,Yes,TEXT_SUPPORTED_EXACT,TEXT_SUPPORTED_EXACT,True,Verified in NL text: exact literal match found.
19998,317.0,assign_to_supply,Yes,TEXT_SUPPORTED_EXACT,TEXT_SUPPORTED_EXACT,True,Verified in NL text: exact literal match found.
19998,327.0,assign_to_supply,Yes,TEXT_SUPPORTED_EXACT,TEXT_SUPPORTED_EXACT,True,Verified in NL text: exact literal match found.
19998,275.0,assign_to_supply,Yes,TEXT_SUPPORTED_EXACT,TEXT_SUPPORTED_EXACT,True,Verified in NL text: exact literal match found.
19998,307.0,assign_to_supply | assign_to_demand,Yes,TEXT_SUPPORTED_EXACT,TEXT_SUPPORTED_EXACT,True,Verified in NL text: exact literal match found.
19998,252.0,assign_to_supply,Yes,TEXT_SUPPORTED_EXACT,TEXT_SUPPORTED_EXACT,True,Verified in NL text: exact literal match found.
19998,294.0,assign_to_supply,Yes,TEXT_SUPPORTED_EXACT,TEXT_SUPPORTED_EXACT,True,Verified in NL text: exact literal match found.
19998,287.0,assign_to_supply,Yes,TEXT_SUPPORTED_EXACT,TEXT_SUPPORTED_EXACT,True,Verified in NL text: exact literal match found.
19998,330.0,assign_to_demand,Yes,TEXT_SUPPORTED_EXACT,TEXT_SUPPORTED_EXACT,True,Verified in NL text: exact literal match found.
19998,278.0,assign_to_demand | assign_to_demand,Yes,TEXT_SUPPORTED_EXACT,TEXT_SUPPORTED_EXACT,True,Verified in NL text: exact literal match found.
19998,264.0,assign_to_demand,Yes,TEXT_SUPPORTED_EXACT,TEXT_SUPPORTED_EXACT,True,Verified in NL text: exact literal match found.
19998,298.0,assign_to_demand,Yes,TEXT_SUPPORTED_EXACT,TEXT_SUPPORTED_EXACT,True,Verified in NL text: exact literal match found.
19998,251.0,assign_to_demand,Yes,TEXT_SUPPORTED_EXACT,TEXT_SUPPORTED_EXACT,True,Verified in NL text: exact literal match found.
19998,308.0,assign_to_demand,Yes,TEXT_SUPPORTED_EXACT,TEXT_SUPPORTED_EXACT,True,Verified in NL text: exact literal match found.
19998,250.0,assign_to_demand,Yes,TEXT_SUPPORTED_EXACT,TEXT_SUPPORTED_EXACT,True,Verified in NL text: exact literal match found.
19998,273.0,assign_to_demand,Yes,TEXT_SUPPORTED_EXACT,TEXT_SUPPORTED_EXACT,True,Verified in NL text: exact literal match found.
19998,322.0,assign_to_demand,Yes,TEXT_SUPPORTED_EXACT,TEXT_SUPPORTED_EXACT,True,Verified in NL text: exact literal match found.
19998,25.0,assign_to_cost | assign_to_cost | assign_to_cost | assign_to_cost | assign_to_cost | assign_to_cost | assign_to_cost | assign_to_cost,Yes,TEXT_SUPPORTED_EXACT,TEXT_SUPPORTED_EXACT,True,Verified in NL text: exact literal match found.
19998,28.0,assign_to_cost | assign_to_cost | assign_to_cost | assign_to_cost | assign_to_cost | assign_to_cost | assign_to_cost | assign_to_cost | assign_to_cost | assign_to_cost,Yes,TEXT_SUPPORTED_EXACT,TEXT_SUPPORTED_EXACT,True,Verified in NL text: exact literal match found.
19998,26.0,assign_to_cost | assign_to_cost | assign_to_cost,Yes,TEXT_SUPPORTED_EXACT,TEXT_SUPPORTED_EXACT,True,Verified in NL text: exact literal match found.
19998,33.0,assign_to_cost | assign_to_cost | assign_to_cost | assign_to_cost | assign_to_cost | assign_to_cost | assign_to_cost | assign_to_cost | assign_to_cost | assign_to_cost,Yes,TEXT_SUPPORTED_EXACT,TEXT_SUPPORTED_EXACT,True,Verified in NL text: exact literal match found.
19998,27.0,assign_to_cost | assign_to_cost | assign_to_cost | assign_to_cost | assign_to_cost | assign_to_cost | assign_to_cost | assign_to_cost | assign_to_cost | assign_to_cost | assign_to_cost,Yes,TEXT_SUPPORTED_EXACT,TEXT_SUPPORTED_EXACT,True,Verified in NL text: exact literal match found.
19998,31.0,assign_to_cost | assign_to_cost | assign_to_cost | assign_to_cost | assign_to_cost | assign_to_cost | assign_to_cost | assign_to_cost | assign_to_cost | assign_to_cost | assign_to_cost | assign_to_cost | assign_to_cost | assign_to_cost,Yes,TEXT_SUPPORTED_EXACT,TEXT_SUPPORTED_EXACT,True,Verified in NL text: exact literal match found.
19998,34.0,assign_to_cost | assign_to_cost | assign_to_cost | assign_to_cost | assign_to_cost | assign_to_cost | assign_to_cost | assign_to_cost | assign_to_cost | assign_to_cost | assign_to_cost | assign_to_cost,Yes,TEXT_SUPPORTED_EXACT,TEXT_SUPPORTED_EXACT,True,Verified in NL text: exact literal match found.
19998,29.0,assign_to_cost | assign_to_cost | assign_to_cost | assign_to_cost | assign_to_cost | assign_to_cost,Yes,TEXT_SUPPORTED_EXACT,TEXT_SUPPORTED_EXACT,True,Verified in NL text: exact literal match found.
19998,32.0,assign_to_cost | assign_to_cost | assign_to_cost | assign_to_cost | assign_to_cost | assign_to_cost | assign_to_cost | assign_to_cost | assign_to_cost | assign_to_cost | assign_to_cost | assign_to_cost | assign_to_cost | assign_to_cost,Yes,TEXT_SUPPORTED_EXACT,TEXT_SUPPORTED_EXACT,True,Verified in NL text: exact literal match found.
19998,35.0,assign_to_cost | assign_to_cost | assign_to_cost | assign_to_cost | assign_to_cost | assign_to_cost | assign_to_cost | assign_to_cost | assign_to_cost | assign_to_cost | assign_to_cost,Yes,TEXT_SUPPORTED_EXACT,TEXT_SUPPORTED_EXACT,True,Verified in NL text: exact literal match found.
19998,30.0,assign_to_cost | assign_to_cost | assign_to_cost | assign_to_cost | assign_to_cost | assign_to_cost | assign_to_cost | assign_to_cost | assign_to_cost | assign_to_cost | assign_to_cost,Yes,TEXT_SUPPORTED_EXACT,TEXT_SUPPORTED_EXACT,True,Verified in NL text: exact literal match found.
19998,10.0,assign_to_x; inside_call_model.addVars | inside_call_range; in_range | inside_call_range; in_range | inside_call_range; in_range | inside_call_range; in_range | inside_call_range; in_range,Yes,TEXT_SUPPORTED_EXACT,TEXT_SUPPORTED_EXACT,True,Verified in NL text: exact literal match found.
19998,11.0,assign_to_x; inside_call_model.addVars | inside_call_range; in_range | inside_call_range; in_range | inside_call_range; in_range | inside_call_range; in_range | inside_call_range; in_range,Yes,TEXT_SUPPORTED_EXACT,TEXT_SUPPORTED_EXACT,True,Verified in NL text: exact literal match found.
20308,12.0,assign_to_patterns; inside_call_range; in_range,Yes,TEXT_SUPPORTED_EXACT,TEXT_SUPPORTED_EXACT,True,Verified in NL text: exact literal match found.
20308,6.0,assign_to_widths; inside_call_range; in_range | assign_to_a | assign_to_usage_limit,Yes,TEXT_SUPPORTED_EXACT,TEXT_SUPPORTED_EXACT,True,Verified in NL text: exact literal match found.
20308,2.0,assign_to_demand | assign_to_a | assign_to_a | assign_to_a | assign_to_a | assign_to_a | assign_to_a | assign_to_a | assign_to_a | assign_to_a | assign_to_a | assign_to_a | assign_to_a | assign_to_a | assign_to_a | assign_to_a | assign_to_a | assign_to_a | assign_to_a | assign_to_a | assign_to_a | assign_to_a | assign_to_a | assign_to_a | assign_to_a | assign_to_a | assign_to_a | assign_to_a | assign_to_a | assign_to_a | assign_to_usage_limit,Yes,TEXT_SUPPORTED_EXACT,TEXT_SUPPORTED_EXACT,True,Verified in NL text: exact literal match found.
20308,3.0,assign_to_demand | assign_to_a | assign_to_a | assign_to_a | assign_to_a | assign_to_a | assign_to_a | assign_to_a | assign_to_a | assign_to_a | assign_to_a | assign_to_a | assign_to_a | assign_to_a | assign_to_a | assign_to_a | assign_to_a | assign_to_a | assign_to_a | assign_to_a | assign_to_a | assign_to_a | assign_to_a | assign_to_a | assign_to_a | assign_to_a | assign_to_a | assign_to_a | assign_to_a | assign_to_a | assign_to_usage_limit,Yes,TEXT_SUPPORTED_EXACT,TEXT_SUPPORTED_EXACT,True,Verified in NL text: exact literal match found.
20308,4.0,assign_to_demand | assign_to_a | assign_to_a | assign_to_a | assign_to_a | assign_to_a | assign_to_a | assign_to_a | assign_to_a | assign_to_a | assign_to_a | assign_to_a | assign_to_a | assign_to_a | assign_to_a | assign_to_a | assign_to_a | assign_to_a | assign_to_a | assign_to_a | assign_to_a | assign_to_a | assign_to_a | assign_to_a | assign_to_usage_limit,Yes,TEXT_SUPPORTED_EXACT,TEXT_SUPPORTED_EXACT,True,Verified in NL text: exact literal match found.
20308,5.0,assign_to_demand | assign_to_a | assign_to_a | assign_to_a | assign_to_a | assign_to_a | assign_to_a | assign_to_a | assign_to_a | assign_to_a | assign_to_a | assign_to_a | assign_to_a | assign_to_a | assign_to_a | assign_to_a | assign_to_a | assign_to_a | assign_to_a | assign_to_a | assign_to_a | assign_to_a | assign_to_usage_limit,Yes,TEXT_SUPPORTED_EXACT,TEXT_SUPPORTED_EXACT,True,Verified in NL text: exact literal match found.
20308,30.0,assign_to_demand | assign_to_demand,Yes,TEXT_SUPPORTED_EXACT,TEXT_SUPPORTED_EXACT,True,Verified in NL text: exact literal match found.
20308,23.0,assign_to_demand,Yes,TEXT_SUPPORTED_EXACT,TEXT_SUPPORTED_EXACT,True,Verified in NL text: exact literal match found.
20308,22.0,assign_to_demand,Yes,TEXT_SUPPORTED_EXACT,TEXT_SUPPORTED_EXACT,True,Verified in NL text: exact literal match found.
20308,25.0,assign_to_demand,Yes,TEXT_SUPPORTED_EXACT,TEXT_SUPPORTED_EXACT,True,Verified in NL text: exact literal match found.
20308,7.0,assign_to_a | assign_to_usage_limit,Yes,TEXT_SUPPORTED_EXACT,TEXT_SUPPORTED_EXACT,True,Verified in NL text: exact literal match found.
20308,8.0,assign_to_a | assign_to_usage_limit,Yes,TEXT_SUPPORTED_EXACT,TEXT_SUPPORTED_EXACT,True,Verified in NL text: exact literal match found.
20308,9.0,assign_to_a | assign_to_usage_limit,Yes,TEXT_SUPPORTED_EXACT,TEXT_SUPPORTED_EXACT,True,Verified in NL text: exact literal match found.
20308,10.0,assign_to_a | assign_to_usage_limit,Yes,TEXT_SUPPORTED_EXACT,TEXT_SUPPORTED_EXACT,True,Verified in NL text: exact literal match found.
20308,11.0,assign_to_a | assign_to_usage_limit,Yes,TEXT_SUPPORTED_EXACT,TEXT_SUPPORTED_EXACT,True,Verified in NL text: exact literal match found.
20308,33.0,assign_to_usage_limit,Yes,TEXT_SUPPORTED_EXACT,TEXT_SUPPORTED_EXACT,True,Verified in NL text: exact literal match found.
20308,55.0,assign_to_usage_limit,Yes,TEXT_SUPPORTED_EXACT,TEXT_SUPPORTED_EXACT,True,Verified in NL text: exact literal match found.
20308,28.0,assign_to_usage_limit | assign_to_usage_limit,Yes,TEXT_SUPPORTED_EXACT,TEXT_SUPPORTED_EXACT,True,Verified in NL text: exact literal match found.
20308,51.0,assign_to_usage_limit,Yes,TEXT_SUPPORTED_EXACT,TEXT_SUPPORTED_EXACT,True,Verified in NL text: exact literal match found.
20308,38.0,assign_to_usage_limit,Yes,TEXT_SUPPORTED_EXACT,TEXT_SUPPORTED_EXACT,True,Verified in NL text: exact literal match found.
20308,59.0,assign_to_usage_limit,Yes,TEXT_SUPPORTED_EXACT,TEXT_SUPPORTED_EXACT,True,Verified in NL text: exact literal match found.
20308,47.0,assign_to_usage_limit,Yes,TEXT_SUPPORTED_EXACT,TEXT_SUPPORTED_EXACT,True,Verified in NL text: exact literal match found.
20308,45.0,assign_to_usage_limit | assign_to_usage_limit,Yes,TEXT_SUPPORTED_EXACT,TEXT_SUPPORTED_EXACT,True,Verified in NL text: exact literal match found.
20308,50.0,assign_to_usage_limit,Yes,TEXT_SUPPORTED_EXACT,TEXT_SUPPORTED_EXACT,True,Verified in NL text: exact literal match found.
20308,57.0,assign_to_usage_limit,Yes,TEXT_SUPPORTED_EXACT,TEXT_SUPPORTED_EXACT,True,Verified in NL text: exact literal match found.
3999,328.0,assign_to_supply,Yes,TEXT_SUPPORTED_EXACT,TEXT_SUPPORTED_EXACT,True,Verified in NL text: exact literal match found.
3999,116.0,assign_to_supply,Yes,TEXT_SUPPORTED_EXACT,TEXT_SUPPORTED_EXACT,True,Verified in NL text: exact literal match found.
3999,127.0,assign_to_supply | assign_to_capacity | assign_to_capacity,Yes,TEXT_SUPPORTED_EXACT,TEXT_SUPPORTED_EXACT,True,Verified in NL text: exact literal match found.
3999,135.0,assign_to_supply,Yes,TEXT_SUPPORTED_EXACT,TEXT_SUPPORTED_EXACT,True,Verified in NL text: exact literal match found.
3999,101.0,assign_to_supply | assign_to_demand | assign_to_capacity,Yes,TEXT_SUPPORTED_EXACT,TEXT_SUPPORTED_EXACT,True,Verified in NL text: exact literal match found.
3999,123.0,assign_to_demand | assign_to_demand | assign_to_capacity | assign_to_capacity,Yes,TEXT_SUPPORTED_EXACT,TEXT_SUPPORTED_EXACT,True,Verified in NL text: exact literal match found.
3999,134.0,assign_to_demand | assign_to_capacity,Yes,TEXT_SUPPORTED_EXACT,TEXT_SUPPORTED_EXACT,True,Verified in NL text: exact literal match found.
3999,107.0,assign_to_demand,Yes,TEXT_SUPPORTED_EXACT,TEXT_SUPPORTED_EXACT,True,Verified in NL text: exact literal match found.
3999,124.0,assign_to_demand,Yes,TEXT_SUPPORTED_EXACT,TEXT_SUPPORTED_EXACT,True,Verified in NL text: exact literal match found.
3999,95.0,assign_to_demand,Yes,TEXT_SUPPORTED_EXACT,TEXT_SUPPORTED_EXACT,True,Verified in NL text: exact literal match found.
3999,20.0,assign_to_cost | assign_to_cost | assign_to_cost | assign_to_cost | assign_to_cost | assign_to_cost | assign_to_cost,Yes,TEXT_SUPPORTED_EXACT,TEXT_SUPPORTED_EXACT,True,Verified in NL text: exact literal match found.
3999,21.0,assign_to_cost | assign_to_cost | assign_to_cost | assign_to_cost | assign_to_cost,Yes,TEXT_SUPPORTED_EXACT,TEXT_SUPPORTED_EXACT,True,Verified in NL text: exact literal match found.
3999,23.0,assign_to_cost | assign_to_cost | assign_to_cost,Yes,TEXT_SUPPORTED_EXACT,TEXT_SUPPORTED_EXACT,True,Verified in NL text: exact literal match found.
3999,26.0,assign_to_cost,Yes,TEXT_SUPPORTED_EXACT,TEXT_SUPPORTED_EXACT,True,Verified in NL text: exact literal match found.
3999,22.0,assign_to_cost | assign_to_cost | assign_to_cost,Yes,TEXT_SUPPORTED_EXACT,TEXT_SUPPORTED_EXACT,True,Verified in NL text: exact literal match found.
3999,24.0,assign_to_cost | assign_to_cost | assign_to_cost | assign_to_cost,Yes,TEXT_SUPPORTED_EXACT,TEXT_SUPPORTED_EXACT,True,Verified in NL text: exact literal match found.
3999,27.0,assign_to_cost | assign_to_cost | assign_to_cost | assign_to_cost | assign_to_cost,Yes,TEXT_SUPPORTED_EXACT,TEXT_SUPPORTED_EXACT,True,Verified in NL text: exact literal match found.
3999,28.0,assign_to_cost | assign_to_cost | assign_to_cost | assign_to_cost,Yes,TEXT_SUPPORTED_EXACT,TEXT_SUPPORTED_EXACT,True,Verified in NL text: exact literal match found.
3999,29.0,assign_to_cost | assign_to_cost,Yes,TEXT_SUPPORTED_EXACT,TEXT_SUPPORTED_EXACT,True,Verified in NL text: exact literal match found.
3999,25.0,assign_to_cost,Yes,TEXT_SUPPORTED_EXACT,TEXT_SUPPORTED_EXACT,True,Verified in NL text: exact literal match found.
3999,126.0,assign_to_capacity | assign_to_capacity,Yes,TEXT_SUPPORTED_EXACT,TEXT_SUPPORTED_EXACT,True,Verified in NL text: exact literal match found.
3999,104.0,assign_to_capacity | assign_to_capacity,Yes,TEXT_SUPPORTED_EXACT,TEXT_SUPPORTED_EXACT,True,Verified in NL text: exact literal match found.
3999,142.0,assign_to_capacity | assign_to_capacity,Yes,TEXT_SUPPORTED_EXACT,TEXT_SUPPORTED_EXACT,True,Verified in NL text: exact literal match found.
3999,130.0,assign_to_capacity | assign_to_capacity,Yes,TEXT_SUPPORTED_EXACT,TEXT_SUPPORTED_EXACT,True,Verified in NL text: exact literal match found.
3999,115.0,assign_to_capacity,Yes,TEXT_SUPPORTED_EXACT,TEXT_SUPPORTED_EXACT,True,Verified in NL text: exact literal match found.
3999,128.0,assign_to_capacity,Yes,TEXT_SUPPORTED_EXACT,TEXT_SUPPORTED_EXACT,True,Verified in NL text: exact literal match found.
3999,121.0,assign_to_capacity | assign_to_capacity | assign_to_capacity,Yes,TEXT_SUPPORTED_EXACT,TEXT_SUPPORTED_EXACT,True,Verified in NL text: exact literal match found.
3999,119.0,assign_to_capacity | assign_to_capacity,Yes,TEXT_SUPPORTED_EXACT,TEXT_SUPPORTED_EXACT,True,Verified in NL text: exact literal match found.
3999,106.0,assign_to_capacity,Yes,TEXT_SUPPORTED_EXACT,TEXT_SUPPORTED_EXACT,True,Verified in NL text: exact literal match found.
3999,108.0,assign_to_capacity,Yes,TEXT_SUPPORTED_EXACT,TEXT_SUPPORTED_EXACT,True,Verified in NL text: exact literal match found.
3999,112.0,assign_to_capacity,Yes,TEXT_SUPPORTED_EXACT,TEXT_SUPPORTED_EXACT,True,Verified in NL text: exact literal match found.
3999,103.0,assign_to_capacity,Yes,TEXT_SUPPORTED_EXACT,TEXT_SUPPORTED_EXACT,True,Verified in NL text: exact literal match found.
3999,120.0,assign_to_capacity,Yes,TEXT_SUPPORTED_EXACT,TEXT_SUPPORTED_EXACT,True,Verified in NL text: exact literal match found.
3999,129.0,assign_to_capacity,Yes,TEXT_SUPPORTED_EXACT,TEXT_SUPPORTED_EXACT,True,Verified in NL text: exact literal match found.
3999,100.0,assign_to_capacity,Yes,TEXT_SUPPORTED_EXACT,TEXT_SUPPORTED_EXACT,True,Verified in NL text: exact literal match found.
3999,138.0,assign_to_capacity | assign_to_capacity,Yes,TEXT_SUPPORTED_EXACT,TEXT_SUPPORTED_EXACT,True,Verified in NL text: exact literal match found.
3999,148.0,assign_to_capacity,Yes,TEXT_SUPPORTED_EXACT,TEXT_SUPPORTED_EXACT,True,Verified in NL text: exact literal match found.
3999,143.0,assign_to_capacity,Yes,TEXT_SUPPORTED_EXACT,TEXT_SUPPORTED_EXACT,True,Verified in NL text: exact literal match found.
3999,145.0,assign_to_capacity,Yes,TEXT_SUPPORTED_EXACT,TEXT_SUPPORTED_EXACT,True,Verified in NL text: exact literal match found.
3999,122.0,assign_to_capacity,Yes,TEXT_SUPPORTED_EXACT,TEXT_SUPPORTED_EXACT,True,Verified in NL text: exact literal match found.
3999,125.0,assign_to_capacity,Yes,TEXT_SUPPORTED_EXACT,TEXT_SUPPORTED_EXACT,True,Verified in NL text: exact literal match found.
3999,5.0,assign_to_x; inside_call_range; in_range | inside_call_range; in_range | inside_call_range; in_range | inside_call_range; in_range | inside_call_range; in_range | inside_call_range; in_range | inside_call_range; in_range,Yes,TEXT_SUPPORTED_EXACT,TEXT_SUPPORTED_EXACT,True,Verified in NL text: exact literal match found.
3999,7.0,assign_to_x; inside_call_range; in_range | inside_call_range; in_range | inside_call_range; in_range | inside_call_range; in_range | inside_call_range; in_range | inside_call_range; in_range | inside_call_range; in_range,Yes,TEXT_SUPPORTED_NORMALIZED,TEXT_SUPPORTED_NORMALIZED,True,"Verified in NL text: value matches in normalized format (written word, percentage, or currency)."
51734,2.0,assign_to_producers | assign_to_contracts | assign_to_capacity | assign_to_demand | assign_to_min_producers | assign_to_min_producers | assign_to_min_producers | assign_to_min_producers | assign_to_min_delivery | assign_to_cost | assign_to_cost | assign_to_cost | assign_to_cost | assign_to_cost | assign_to_cost | assign_to_cost,Yes,TEXT_SUPPORTED_EXACT,TEXT_SUPPORTED_EXACT,True,Verified in NL text: exact literal match found.
51734,3.0,assign_to_producers | assign_to_contracts | assign_to_capacity | assign_to_demand | assign_to_min_producers | assign_to_min_producers | assign_to_min_producers | assign_to_min_producers | assign_to_min_producers | assign_to_min_delivery | assign_to_cost | assign_to_cost | assign_to_cost | assign_to_cost | assign_to_cost | assign_to_cost | assign_to_cost,Yes,TEXT_SUPPORTED_EXACT,TEXT_SUPPORTED_EXACT,True,Verified in NL text: exact literal match found.
51734,4.0,assign_to_producers | assign_to_contracts | assign_to_capacity | assign_to_demand | assign_to_min_producers | assign_to_min_delivery | assign_to_cost | assign_to_cost | assign_to_cost | assign_to_cost | assign_to_cost | assign_to_cost | assign_to_cost,Yes,TEXT_SUPPORTED_EXACT,TEXT_SUPPORTED_EXACT,True,Verified in NL text: exact literal match found.
51734,5.0,assign_to_producers | assign_to_contracts | assign_to_capacity | assign_to_demand | assign_to_min_producers | assign_to_min_delivery | assign_to_cost | assign_to_cost | assign_to_cost | assign_to_cost | assign_to_cost | assign_to_cost | assign_to_cost,Yes,TEXT_SUPPORTED_EXACT,TEXT_SUPPORTED_EXACT,True,Verified in NL text: exact literal match found.
51734,6.0,assign_to_contracts | assign_to_demand | assign_to_min_producers | assign_to_cost | assign_to_cost | assign_to_cost | assign_to_cost | assign_to_cost | assign_to_cost,Yes,TEXT_SUPPORTED_EXACT,TEXT_SUPPORTED_EXACT,True,Verified in NL text: exact literal match found.
51734,1855.0,assign_to_capacity,Yes,TEXT_SUPPORTED_EXACT,TEXT_SUPPORTED_EXACT,True,Verified in NL text: exact literal match found.
51734,2121.0,assign_to_capacity,Yes,TEXT_SUPPORTED_EXACT,TEXT_SUPPORTED_EXACT,True,Verified in NL text: exact literal match found.
51734,2569.0,assign_to_capacity,Yes,TEXT_SUPPORTED_EXACT,TEXT_SUPPORTED_EXACT,True,Verified in NL text: exact literal match found.
51734,2177.0,assign_to_capacity,Yes,TEXT_SUPPORTED_EXACT,TEXT_SUPPORTED_EXACT,True,Verified in NL text: exact literal match found.
51734,2873.0,assign_to_capacity,Yes,TEXT_SUPPORTED_EXACT,TEXT_SUPPORTED_EXACT,True,Verified in NL text: exact literal match found.
51734,2510.0,assign_to_capacity,Yes,TEXT_SUPPORTED_EXACT,TEXT_SUPPORTED_EXACT,True,Verified in NL text: exact literal match found.
51734,1092.0,assign_to_demand,Yes,TEXT_SUPPORTED_EXACT,TEXT_SUPPORTED_EXACT,True,Verified in NL text: exact literal match found.
51734,1097.0,assign_to_demand,Yes,TEXT_SUPPORTED_EXACT,TEXT_SUPPORTED_EXACT,True,Verified in NL text: exact literal match found.
51734,964.0,assign_to_demand,Yes,TEXT_SUPPORTED_EXACT,TEXT_SUPPORTED_EXACT,True,Verified in NL text: exact literal match found.
51734,854.0,assign_to_demand,Yes,TEXT_SUPPORTED_EXACT,TEXT_SUPPORTED_EXACT,True,Verified in NL text: exact literal match found.
51734,1143.0,assign_to_demand,Yes,TEXT_SUPPORTED_EXACT,TEXT_SUPPORTED_EXACT,True,Verified in NL text: exact literal match found.
51734,885.0,assign_to_demand,Yes,TEXT_SUPPORTED_EXACT,TEXT_SUPPORTED_EXACT,True,Verified in NL text: exact literal match found.
51734,1107.0,assign_to_demand,Yes,TEXT_SUPPORTED_EXACT,TEXT_SUPPORTED_EXACT,True,Verified in NL text: exact literal match found.
51734,408.0,assign_to_min_delivery,Yes,TEXT_SUPPORTED_EXACT,TEXT_SUPPORTED_EXACT,True,Verified in NL text: exact literal match found.
51734,466.0,assign_to_min_delivery,Yes,TEXT_SUPPORTED_EXACT,TEXT_SUPPORTED_EXACT,True,Verified in NL text: exact literal match found.
51734,565.0,assign_to_min_delivery,Yes,TEXT_SUPPORTED_EXACT,TEXT_SUPPORTED_EXACT,True,Verified in NL text: exact literal match found.
51734,478.0,assign_to_min_delivery,Yes,TEXT_SUPPORTED_EXACT,TEXT_SUPPORTED_EXACT,True,Verified in NL text: exact literal match found.
51734,632.0,assign_to_min_delivery,Yes,TEXT_SUPPORTED_EXACT,TEXT_SUPPORTED_EXACT,True,Verified in NL text: exact literal match found.
51734,552.0,assign_to_min_delivery,Yes,TEXT_SUPPORTED_EXACT,TEXT_SUPPORTED_EXACT,True,Verified in NL text: exact literal match found.
51734,40.0,assign_to_cost | assign_to_cost | assign_to_cost | assign_to_cost | assign_to_cost | assign_to_cost | assign_to_cost | assign_to_cost | assign_to_cost | assign_to_cost | assign_to_cost | assign_to_cost | assign_to_cost | assign_to_cost | assign_to_cost | assign_to_cost,Yes,TEXT_SUPPORTED_EXACT,TEXT_SUPPORTED_EXACT,True,Verified in NL text: exact literal match found.
51734,42.0,assign_to_cost | assign_to_cost | assign_to_cost | assign_to_cost | assign_to_cost | assign_to_cost | assign_to_cost | assign_to_cost | assign_to_cost | assign_to_cost,Yes,TEXT_SUPPORTED_EXACT,TEXT_SUPPORTED_EXACT,True,Verified in NL text: exact literal match found.
51734,49.0,assign_to_cost | assign_to_cost | assign_to_cost | assign_to_cost,Yes,TEXT_SUPPORTED_EXACT,TEXT_SUPPORTED_EXACT,True,Verified in NL text: exact literal match found.
51734,50.0,assign_to_cost | assign_to_cost | assign_to_cost | assign_to_cost | assign_to_cost | assign_to_cost | assign_to_cost | assign_to_cost | assign_to_cost,Yes,TEXT_SUPPORTED_EXACT,TEXT_SUPPORTED_EXACT,True,Verified in NL text: exact literal match found.
51734,46.0,assign_to_cost | assign_to_cost | assign_to_cost,Yes,TEXT_SUPPORTED_EXACT,TEXT_SUPPORTED_EXACT,True,Verified in NL text: exact literal match found.
82875,2.0,assign_to_factories | assign_to_months | assign_to_fixed_costs | assign_to_variable_costs | assign_to_min_production | assign_to_max_production | assign_to_demand,Yes,TEXT_SUPPORTED_EXACT,TEXT_SUPPORTED_EXACT,True,Verified in NL text: exact literal match found.
82875,3.0,assign_to_factories | assign_to_months | assign_to_fixed_costs | assign_to_variable_costs | assign_to_min_production | assign_to_max_production | assign_to_demand,Yes,TEXT_SUPPORTED_EXACT,TEXT_SUPPORTED_EXACT,True,Verified in NL text: exact literal match found.
82875,4.0,assign_to_factories | assign_to_fixed_costs | assign_to_variable_costs | assign_to_variable_costs | assign_to_variable_costs | assign_to_variable_costs | assign_to_min_production | assign_to_max_production,Yes,TEXT_SUPPORTED_EXACT,TEXT_SUPPORTED_EXACT,True,Verified in NL text: exact literal match found.
82875,268.0,assign_to_fixed_costs,Yes,TEXT_SUPPORTED_EXACT,TEXT_SUPPORTED_EXACT,True,Verified in NL text: exact literal match found.
82875,305.0,assign_to_fixed_costs,Yes,TEXT_SUPPORTED_EXACT,TEXT_SUPPORTED_EXACT,True,Verified in NL text: exact literal match found.
82875,256.0,assign_to_fixed_costs,Yes,TEXT_SUPPORTED_EXACT,TEXT_SUPPORTED_EXACT,True,Verified in NL text: exact literal match found.
82875,310.0,assign_to_fixed_costs,Yes,TEXT_SUPPORTED_EXACT,TEXT_SUPPORTED_EXACT,True,Verified in NL text: exact literal match found.
82875,327.0,assign_to_fixed_costs,Yes,TEXT_SUPPORTED_EXACT,TEXT_SUPPORTED_EXACT,True,Verified in NL text: exact literal match found.
82875,5.0,assign_to_variable_costs | assign_to_variable_costs,Yes,TEXT_SUPPORTED_EXACT,TEXT_SUPPORTED_EXACT,True,Verified in NL text: exact literal match found.
82875,38.0,assign_to_min_production,Yes,TEXT_SUPPORTED_EXACT,TEXT_SUPPORTED_EXACT,True,Verified in NL text: exact literal match found.
82875,40.0,assign_to_min_production | assign_to_min_production,Yes,TEXT_SUPPORTED_EXACT,TEXT_SUPPORTED_EXACT,True,Verified in NL text: exact literal match found.
82875,35.0,assign_to_min_production,Yes,TEXT_SUPPORTED_EXACT,TEXT_SUPPORTED_EXACT,True,Verified in NL text: exact literal match found.
82875,39.0,assign_to_min_production,Yes,TEXT_SUPPORTED_EXACT,TEXT_SUPPORTED_EXACT,True,Verified in NL text: exact literal match found.
82875,87.0,assign_to_max_production | assign_to_max_production | assign_to_max_production,Yes,TEXT_SUPPORTED_EXACT,TEXT_SUPPORTED_EXACT,True,Verified in NL text: exact literal match found.
82875,93.0,assign_to_max_production,Yes,TEXT_SUPPORTED_EXACT,TEXT_SUPPORTED_EXACT,True,Verified in NL text: exact literal match found.
82875,94.0,assign_to_max_production,Yes,TEXT_SUPPORTED_EXACT,TEXT_SUPPORTED_EXACT,True,Verified in NL text: exact literal match found.
82875,161.0,assign_to_demand,Yes,TEXT_SUPPORTED_EXACT,TEXT_SUPPORTED_EXACT,True,Verified in NL text: exact literal match found.
82875,162.0,assign_to_demand,Yes,TEXT_SUPPORTED_EXACT,TEXT_SUPPORTED_EXACT,True,Verified in NL text: exact literal match found.
82875,178.0,assign_to_demand,Yes,TEXT_SUPPORTED_EXACT,TEXT_SUPPORTED_EXACT,True,Verified in NL text: exact literal match found.
82875,164.0,assign_to_demand,Yes,TEXT_SUPPORTED_EXACT,TEXT_SUPPORTED_EXACT,True,Verified in NL text: exact literal match found.
82875,0.5,is_x_compare,No,SOLVER_OR_API_CONSTANT,SOLVER_OR_API_CONSTANT,True,"Implementation detail: Gurobi solver parameter, status constant, or comparison threshold (e.g. status == 2 or x > 0.5)."
178422,1351.0,assign_to_revenue,Yes,TEXT_SUPPORTED_EXACT,TEXT_SUPPORTED_EXACT,True,Verified in NL text: exact literal match found.
178422,1287.0,assign_to_revenue,Yes,TEXT_SUPPORTED_EXACT,TEXT_SUPPORTED_EXACT,True,Verified in NL text: exact literal match found.
178422,1317.0,assign_to_revenue,Yes,TEXT_SUPPORTED_EXACT,TEXT_SUPPORTED_EXACT,True,Verified in NL text: exact literal match found.
178422,1213.0,assign_to_revenue,Yes,TEXT_SUPPORTED_EXACT,TEXT_SUPPORTED_EXACT,True,Verified in NL text: exact literal match found.
178422,1379.0,assign_to_revenue,Yes,TEXT_SUPPORTED_EXACT,TEXT_SUPPORTED_EXACT,True,Verified in NL text: exact literal match found.
178422,1229.0,assign_to_revenue,Yes,TEXT_SUPPORTED_EXACT,TEXT_SUPPORTED_EXACT,True,Verified in NL text: exact literal match found.
178422,1882.0,assign_to_revenue,Yes,TEXT_SUPPORTED_EXACT,TEXT_SUPPORTED_EXACT,True,Verified in NL text: exact literal match found.
178422,1636.0,assign_to_revenue,Yes,TEXT_SUPPORTED_EXACT,TEXT_SUPPORTED_EXACT,True,Verified in NL text: exact literal match found.
178422,1088.0,assign_to_revenue,Yes,TEXT_SUPPORTED_EXACT,TEXT_SUPPORTED_EXACT,True,Verified in NL text: exact literal match found.
178422,1240.0,assign_to_revenue,Yes,TEXT_SUPPORTED_EXACT,TEXT_SUPPORTED_EXACT,True,Verified in NL text: exact literal match found.
178422,1639.0,assign_to_revenue,Yes,TEXT_SUPPORTED_EXACT,TEXT_SUPPORTED_EXACT,True,Verified in NL text: exact literal match found.
178422,1641.0,assign_to_revenue,Yes,TEXT_SUPPORTED_EXACT,TEXT_SUPPORTED_EXACT,True,Verified in NL text: exact literal match found.
178422,1428.0,assign_to_revenue,Yes,TEXT_SUPPORTED_EXACT,TEXT_SUPPORTED_EXACT,True,Verified in NL text: exact literal match found.
178422,1979.0,assign_to_revenue,Yes,TEXT_SUPPORTED_EXACT,TEXT_SUPPORTED_EXACT,True,Verified in NL text: exact literal match found.
178422,1043.0,assign_to_revenue,Yes,TEXT_SUPPORTED_EXACT,TEXT_SUPPORTED_EXACT,True,Verified in NL text: exact literal match found.
178422,1792.0,assign_to_revenue,Yes,TEXT_SUPPORTED_EXACT,TEXT_SUPPORTED_EXACT,True,Verified in NL text: exact literal match found.
178422,1270.0,assign_to_revenue,Yes,TEXT_SUPPORTED_EXACT,TEXT_SUPPORTED_EXACT,True,Verified in NL text: exact literal match found.
178422,1447.0,assign_to_revenue,Yes,TEXT_SUPPORTED_EXACT,TEXT_SUPPORTED_EXACT,True,Verified in NL text: exact literal match found.
178422,1408.0,assign_to_revenue,Yes,TEXT_SUPPORTED_EXACT,TEXT_SUPPORTED_EXACT,True,Verified in NL text: exact literal match found.
178422,1678.0,assign_to_revenue,Yes,TEXT_SUPPORTED_EXACT,TEXT_SUPPORTED_EXACT,True,Verified in NL text: exact literal match found.
178422,1839.0,assign_to_revenue,Yes,TEXT_SUPPORTED_EXACT,TEXT_SUPPORTED_EXACT,True,Verified in NL text: exact literal match found.
178422,1827.0,assign_to_revenue,Yes,TEXT_SUPPORTED_EXACT,TEXT_SUPPORTED_EXACT,True,Verified in NL text: exact literal match found.
178422,56.0,assign_to_demand | assign_to_demand,Yes,TEXT_SUPPORTED_EXACT,TEXT_SUPPORTED_EXACT,True,Verified in NL text: exact literal match found.
178422,60.0,assign_to_demand | assign_to_demand,Yes,TEXT_SUPPORTED_EXACT,TEXT_SUPPORTED_EXACT,True,Verified in NL text: exact literal match found.
178422,50.0,assign_to_demand,Yes,TEXT_SUPPORTED_EXACT,TEXT_SUPPORTED_EXACT,True,Verified in NL text: exact literal match found.
178422,42.0,assign_to_demand | assign_to_demand | assign_to_demand | assign_to_demand,Yes,TEXT_SUPPORTED_EXACT,TEXT_SUPPORTED_EXACT,True,Verified in NL text: exact literal match found.
178422,48.0,assign_to_demand | assign_to_demand,Yes,TEXT_SUPPORTED_EXACT,TEXT_SUPPORTED_EXACT,True,Verified in NL text: exact literal match found.
178422,57.0,assign_to_demand,Yes,TEXT_SUPPORTED_EXACT,TEXT_SUPPORTED_EXACT,True,Verified in NL text: exact literal match found.
178422,51.0,assign_to_demand | assign_to_demand | assign_to_demand,Yes,TEXT_SUPPORTED_EXACT,TEXT_SUPPORTED_EXACT,True,Verified in NL text: exact literal match found.
178422,52.0,assign_to_demand,Yes,TEXT_SUPPORTED_EXACT,TEXT_SUPPORTED_EXACT,True,Verified in NL text: exact literal match found.
178422,45.0,assign_to_demand,Yes,TEXT_SUPPORTED_EXACT,TEXT_SUPPORTED_EXACT,True,Verified in NL text: exact literal match found.
178422,55.0,assign_to_demand,Yes,TEXT_SUPPORTED_EXACT,TEXT_SUPPORTED_EXACT,True,Verified in NL text: exact literal match found.
178422,44.0,assign_to_demand,Yes,TEXT_SUPPORTED_EXACT,TEXT_SUPPORTED_EXACT,True,Verified in NL text: exact literal match found.
178422,41.0,assign_to_demand | assign_to_demand,Yes,TEXT_SUPPORTED_EXACT,TEXT_SUPPORTED_EXACT,True,Verified in NL text: exact literal match found.
178422,40.0,assign_to_demand,Yes,TEXT_SUPPORTED_EXACT,TEXT_SUPPORTED_EXACT,True,Verified in NL text: exact literal match found.
178422,750.0,assign_to_flight_seats | assign_to_flight_seats,Yes,TEXT_SUPPORTED_EXACT,TEXT_SUPPORTED_EXACT,True,Verified in NL text: exact literal match found.
178422,948.0,assign_to_flight_seats,Yes,TEXT_SUPPORTED_EXACT,TEXT_SUPPORTED_EXACT,True,Verified in NL text: exact literal match found.
178422,633.0,assign_to_flight_seats,Yes,TEXT_SUPPORTED_EXACT,TEXT_SUPPORTED_EXACT,True,Verified in NL text: exact literal match found.
178422,795.0,assign_to_flight_seats,Yes,TEXT_SUPPORTED_EXACT,TEXT_SUPPORTED_EXACT,True,Verified in NL text: exact literal match found.
178422,822.0,assign_to_flight_seats,Yes,TEXT_SUPPORTED_EXACT,TEXT_SUPPORTED_EXACT,True,Verified in NL text: exact literal match found.
178422,936.0,assign_to_flight_seats | assign_to_flight_seats,Yes,TEXT_SUPPORTED_EXACT,TEXT_SUPPORTED_EXACT,True,Verified in NL text: exact literal match found.
178422,843.0,assign_to_flight_seats,Yes,TEXT_SUPPORTED_EXACT,TEXT_SUPPORTED_EXACT,True,Verified in NL text: exact literal match found.
178422,744.0,assign_to_flight_seats,Yes,TEXT_SUPPORTED_EXACT,TEXT_SUPPORTED_EXACT,True,Verified in NL text: exact literal match found.
178422,946.0,assign_to_flight_seats,Yes,TEXT_SUPPORTED_EXACT,TEXT_SUPPORTED_EXACT,True,Verified in NL text: exact literal match found.
178422,657.0,assign_to_flight_seats,Yes,TEXT_SUPPORTED_EXACT,TEXT_SUPPORTED_EXACT,True,Verified in NL text: exact literal match found.
178422,886.0,assign_to_flight_seats,Yes,TEXT_SUPPORTED_EXACT,TEXT_SUPPORTED_EXACT,True,Verified in NL text: exact literal match found.
178422,973.0,assign_to_flight_seats,Yes,TEXT_SUPPORTED_EXACT,TEXT_SUPPORTED_EXACT,True,Verified in NL text: exact literal match found.
178422,868.0,assign_to_flight_seats,Yes,TEXT_SUPPORTED_EXACT,TEXT_SUPPORTED_EXACT,True,Verified in NL text: exact literal match found.
178422,997.0,assign_to_flight_seats,Yes,TEXT_SUPPORTED_EXACT,TEXT_SUPPORTED_EXACT,True,Verified in NL text: exact literal match found.
178422,966.0,assign_to_flight_seats,Yes,TEXT_SUPPORTED_EXACT,TEXT_SUPPORTED_EXACT,True,Verified in NL text: exact literal match found.
178422,865.0,assign_to_flight_seats,Yes,TEXT_SUPPORTED_EXACT,TEXT_SUPPORTED_EXACT,True,Verified in NL text: exact literal match found.
178422,652.0,assign_to_flight_seats,Yes,TEXT_SUPPORTED_EXACT,TEXT_SUPPORTED_EXACT,True,Verified in NL text: exact literal match found.
178422,715.0,assign_to_flight_seats,Yes,TEXT_SUPPORTED_EXACT,TEXT_SUPPORTED_EXACT,True,Verified in NL text: exact literal match found.
178422,612.0,assign_to_flight_seats,Yes,TEXT_SUPPORTED_EXACT,TEXT_SUPPORTED_EXACT,True,Verified in NL text: exact literal match found.
178422,737.0,assign_to_flight_seats,Yes,TEXT_SUPPORTED_EXACT,TEXT_SUPPORTED_EXACT,True,Verified in NL text: exact literal match found.
178422,3.0,assign_to_flight_legs | assign_to_flight_legs | assign_to_flight_legs | assign_to_flight_legs | assign_to_flight_legs | assign_to_flight_legs | assign_to_flight_legs | assign_to_flight_legs | assign_to_flight_legs | assign_to_flight_legs | assign_to_flight_legs | assign_to_flight_legs | assign_to_flight_legs,Yes,TEXT_SUPPORTED_EXACT,TEXT_SUPPORTED_EXACT,True,Verified in NL text: exact literal match found.
178422,5.0,assign_to_flight_legs | assign_to_flight_legs | assign_to_flight_legs | assign_to_flight_legs | assign_to_flight_legs | assign_to_flight_legs | assign_to_flight_legs | assign_to_flight_legs | assign_to_flight_legs | assign_to_flight_legs,Yes,TEXT_SUPPORTED_EXACT,TEXT_SUPPORTED_EXACT,True,Verified in NL text: exact literal match found.
178422,6.0,assign_to_flight_legs | assign_to_flight_legs | assign_to_flight_legs | assign_to_flight_legs | assign_to_flight_legs | assign_to_flight_legs | assign_to_flight_legs | assign_to_flight_legs | assign_to_flight_legs | assign_to_flight_legs,Yes,TEXT_SUPPORTED_EXACT,TEXT_SUPPORTED_EXACT,True,Verified in NL text: exact literal match found.
178422,8.0,assign_to_flight_legs | assign_to_flight_legs | assign_to_flight_legs | assign_to_flight_legs | assign_to_flight_legs | assign_to_flight_legs | assign_to_flight_legs | assign_to_flight_legs | assign_to_flight_legs | assign_to_flight_legs | assign_to_flight_legs | assign_to_flight_legs | assign_to_flight_legs,Yes,TEXT_SUPPORTED_EXACT,TEXT_SUPPORTED_EXACT,True,Verified in NL text: exact literal match found.
178422,15.0,assign_to_flight_legs | assign_to_flight_legs | assign_to_flight_legs | assign_to_flight_legs | assign_to_flight_legs | assign_to_flight_legs | assign_to_flight_legs | assign_to_flight_legs | assign_to_flight_legs | assign_to_flight_legs | assign_to_flight_legs | assign_to_flight_legs | assign_to_flight_legs | assign_to_flight_legs | assign_to_flight_legs,Yes,TEXT_SUPPORTED_EXACT,TEXT_SUPPORTED_EXACT,True,Verified in NL text: exact literal match found.
178422,17.0,assign_to_flight_legs | assign_to_flight_legs | assign_to_flight_legs | assign_to_flight_legs | assign_to_flight_legs | assign_to_flight_legs | assign_to_flight_legs | assign_to_flight_legs | assign_to_flight_legs | assign_to_flight_legs | assign_to_flight_legs | assign_to_flight_legs | assign_to_flight_legs | assign_to_flight_legs | assign_to_flight_legs,Yes,TEXT_SUPPORTED_EXACT,TEXT_SUPPORTED_EXACT,True,Verified in NL text: exact literal match found.
178422,18.0,assign_to_flight_legs | assign_to_flight_legs | assign_to_flight_legs | assign_to_flight_legs | assign_to_flight_legs | assign_to_flight_legs | assign_to_flight_legs | assign_to_flight_legs | assign_to_flight_legs,Yes,TEXT_SUPPORTED_EXACT,TEXT_SUPPORTED_EXACT,True,Verified in NL text: exact literal match found.
178422,20.0,assign_to_flight_legs | assign_to_flight_legs | assign_to_flight_legs | assign_to_flight_legs | assign_to_flight_legs | assign_to_flight_legs | assign_to_flight_legs | assign_to_flight_legs | assign_to_flight_legs | assign_to_flight_legs | assign_to_flight_legs | assign_to_flight_legs | assign_to_flight_legs,Yes,TEXT_SUPPORTED_EXACT,TEXT_SUPPORTED_EXACT,True,Verified in NL text: exact literal match found.
178422,21.0,assign_to_flight_legs | assign_to_flight_legs | assign_to_flight_legs | assign_to_flight_legs | assign_to_flight_legs | assign_to_flight_legs | assign_to_flight_legs | assign_to_flight_legs | assign_to_flight_legs | assign_to_flight_legs | assign_to_flight_legs | assign_to_flight_legs | assign_to_flight_legs | assign_to_flight_legs,Yes,TEXT_SUPPORTED_EXACT,TEXT_SUPPORTED_EXACT,True,Verified in NL text: exact literal match found.
178422,4.0,assign_to_flight_legs | assign_to_flight_legs | assign_to_flight_legs | assign_to_flight_legs | assign_to_flight_legs | assign_to_flight_legs | assign_to_flight_legs | assign_to_flight_legs | assign_to_flight_legs | assign_to_flight_legs | assign_to_flight_legs,Yes,TEXT_SUPPORTED_EXACT,TEXT_SUPPORTED_EXACT,True,Verified in NL text: exact literal match found.
178422,9.0,assign_to_flight_legs | assign_to_flight_legs | assign_to_flight_legs | assign_to_flight_legs | assign_to_flight_legs | assign_to_flight_legs | assign_to_flight_legs | assign_to_flight_legs,Yes,TEXT_SUPPORTED_EXACT,TEXT_SUPPORTED_EXACT,True,Verified in NL text: exact literal match found.
178422,12.0,assign_to_flight_legs | assign_to_flight_legs | assign_to_flight_legs | assign_to_flight_legs | assign_to_flight_legs | assign_to_flight_legs | assign_to_flight_legs | assign_to_flight_legs | assign_to_flight_legs | assign_to_flight_legs,Yes,TEXT_SUPPORTED_EXACT,TEXT_SUPPORTED_EXACT,True,Verified in NL text: exact literal match found.
178422,19.0,assign_to_flight_legs | assign_to_flight_legs | assign_to_flight_legs | assign_to_flight_legs | assign_to_flight_legs | assign_to_flight_legs | assign_to_flight_legs | assign_to_flight_legs | assign_to_flight_legs | assign_to_flight_legs | assign_to_flight_legs | assign_to_flight_legs | assign_to_flight_legs,Yes,TEXT_SUPPORTED_EXACT,TEXT_SUPPORTED_EXACT,True,Verified in NL text: exact literal match found.
178422,2.0,assign_to_flight_legs | assign_to_flight_legs | assign_to_flight_legs | assign_to_flight_legs | assign_to_flight_legs | assign_to_flight_legs | assign_to_flight_legs | assign_to_flight_legs | assign_to_flight_legs | assign_to_flight_legs | assign_to_flight_legs,Yes,TEXT_SUPPORTED_EXACT,TEXT_SUPPORTED_EXACT,True,Verified in NL text: exact literal match found.
178422,7.0,assign_to_flight_legs | assign_to_flight_legs | assign_to_flight_legs | assign_to_flight_legs | assign_to_flight_legs | assign_to_flight_legs | assign_to_flight_legs | assign_to_flight_legs | assign_to_flight_legs | assign_to_flight_legs | assign_to_flight_legs | assign_to_flight_legs,Yes,TEXT_SUPPORTED_EXACT,TEXT_SUPPORTED_EXACT,True,Verified in NL text: exact literal match found.
178422,10.0,assign_to_flight_legs | assign_to_flight_legs | assign_to_flight_legs | assign_to_flight_legs | assign_to_flight_legs | assign_to_flight_legs | assign_to_flight_legs | assign_to_flight_legs | assign_to_flight_legs | assign_to_flight_legs,Yes,TEXT_SUPPORTED_EXACT,TEXT_SUPPORTED_EXACT,True,Verified in NL text: exact literal match found.
178422,11.0,assign_to_flight_legs | assign_to_flight_legs | assign_to_flight_legs | assign_to_flight_legs | assign_to_flight_legs | assign_to_flight_legs | assign_to_flight_legs | assign_to_flight_legs | assign_to_flight_legs | assign_to_flight_legs | assign_to_flight_legs,Yes,TEXT_SUPPORTED_EXACT,TEXT_SUPPORTED_EXACT,True,Verified in NL text: exact literal match found.
178422,13.0,assign_to_flight_legs | assign_to_flight_legs | assign_to_flight_legs | assign_to_flight_legs | assign_to_flight_legs | assign_to_flight_legs | assign_to_flight_legs | assign_to_flight_legs | assign_to_flight_legs | assign_to_flight_legs | assign_to_flight_legs | assign_to_flight_legs | assign_to_flight_legs,Yes,TEXT_SUPPORTED_EXACT,TEXT_SUPPORTED_EXACT,True,Verified in NL text: exact literal match found.
178422,14.0,assign_to_flight_legs | assign_to_flight_legs | assign_to_flight_legs | assign_to_flight_legs | assign_to_flight_legs | assign_to_flight_legs | assign_to_flight_legs | assign_to_flight_legs | assign_to_flight_legs | assign_to_flight_legs | assign_to_flight_legs | assign_to_flight_legs | assign_to_flight_legs,Yes,TEXT_SUPPORTED_EXACT,TEXT_SUPPORTED_EXACT,True,Verified in NL text: exact literal match found.
178422,16.0,assign_to_flight_legs | assign_to_flight_legs | assign_to_flight_legs | assign_to_flight_legs | assign_to_flight_legs | assign_to_flight_legs | assign_to_flight_legs | assign_to_flight_legs | assign_to_flight_legs | assign_to_flight_legs | assign_to_flight_legs | assign_to_flight_legs,Yes,TEXT_SUPPORTED_EXACT,TEXT_SUPPORTED_EXACT,True,Verified in NL text: exact literal match found.
178422,22.0,assign_to_x; inside_call_model.addVars | inside_call_range; in_range | inside_call_range; in_range | inside_call_range; in_range | inside_call_range; in_range,Yes,TEXT_SUPPORTED_EXACT,TEXT_SUPPORTED_EXACT,True,Verified in NL text: exact literal match found.
187515,297.0,assign_to_costs | assign_to_costs,Yes,TEXT_SUPPORTED_EXACT,TEXT_SUPPORTED_EXACT,True,Verified in NL text: exact literal match found.
187515,314.0,assign_to_costs | assign_to_costs | assign_to_costs | assign_to_costs,Yes,TEXT_SUPPORTED_EXACT,TEXT_SUPPORTED_EXACT,True,Verified in NL text: exact literal match found.
187515,294.0,assign_to_costs,Yes,TEXT_SUPPORTED_EXACT,TEXT_SUPPORTED_EXACT,True,Verified in NL text: exact literal match found.
187515,323.0,assign_to_costs,Yes,TEXT_SUPPORTED_EXACT,TEXT_SUPPORTED_EXACT,True,Verified in NL text: exact literal match found.
187515,275.0,assign_to_costs,Yes,TEXT_SUPPORTED_EXACT,TEXT_SUPPORTED_EXACT,True,Verified in NL text: exact literal match found.
187515,289.0,assign_to_costs,Yes,TEXT_SUPPORTED_EXACT,TEXT_SUPPORTED_EXACT,True,Verified in NL text: exact literal match found.
187515,312.0,assign_to_costs | assign_to_costs | assign_to_costs,Yes,TEXT_SUPPORTED_EXACT,TEXT_SUPPORTED_EXACT,True,Verified in NL text: exact literal match found.
187515,300.0,assign_to_costs,Yes,TEXT_SUPPORTED_EXACT,TEXT_SUPPORTED_EXACT,True,Verified in NL text: exact literal match found.
187515,296.0,assign_to_costs,Yes,TEXT_SUPPORTED_EXACT,TEXT_SUPPORTED_EXACT,True,Verified in NL text: exact literal match found.
187515,299.0,assign_to_costs,Yes,TEXT_SUPPORTED_EXACT,TEXT_SUPPORTED_EXACT,True,Verified in NL text: exact literal match found.
187515,285.0,assign_to_costs | assign_to_costs,Yes,TEXT_SUPPORTED_EXACT,TEXT_SUPPORTED_EXACT,True,Verified in NL text: exact literal match found.
187515,279.0,assign_to_costs,Yes,TEXT_SUPPORTED_EXACT,TEXT_SUPPORTED_EXACT,True,Verified in NL text: exact literal match found.
187515,288.0,assign_to_costs | assign_to_costs,Yes,TEXT_SUPPORTED_EXACT,TEXT_SUPPORTED_EXACT,True,Verified in NL text: exact literal match found.
187515,315.0,assign_to_costs | assign_to_costs | assign_to_costs,Yes,TEXT_SUPPORTED_EXACT,TEXT_SUPPORTED_EXACT,True,Verified in NL text: exact literal match found.
187515,290.0,assign_to_costs | assign_to_costs,Yes,TEXT_SUPPORTED_EXACT,TEXT_SUPPORTED_EXACT,True,Verified in NL text: exact literal match found.
187515,291.0,assign_to_costs,Yes,TEXT_SUPPORTED_EXACT,TEXT_SUPPORTED_EXACT,True,Verified in NL text: exact literal match found.
187515,292.0,assign_to_costs | assign_to_costs,Yes,TEXT_SUPPORTED_EXACT,TEXT_SUPPORTED_EXACT,True,Verified in NL text: exact literal match found.
187515,287.0,assign_to_costs,Yes,TEXT_SUPPORTED_EXACT,TEXT_SUPPORTED_EXACT,True,Verified in NL text: exact literal match found.
187515,325.0,assign_to_costs | assign_to_costs,Yes,TEXT_SUPPORTED_EXACT,TEXT_SUPPORTED_EXACT,True,Verified in NL text: exact literal match found.
187515,278.0,assign_to_costs | assign_to_costs | assign_to_costs | assign_to_costs,Yes,TEXT_SUPPORTED_EXACT,TEXT_SUPPORTED_EXACT,True,Verified in NL text: exact literal match found.
187515,301.0,assign_to_costs,Yes,TEXT_SUPPORTED_EXACT,TEXT_SUPPORTED_EXACT,True,Verified in NL text: exact literal match found.
187515,277.0,assign_to_costs | assign_to_costs,Yes,TEXT_SUPPORTED_EXACT,TEXT_SUPPORTED_EXACT,True,Verified in NL text: exact literal match found.
187515,306.0,assign_to_costs,Yes,TEXT_SUPPORTED_EXACT,TEXT_SUPPORTED_EXACT,True,Verified in NL text: exact literal match found.
187515,318.0,assign_to_costs,Yes,TEXT_SUPPORTED_EXACT,TEXT_SUPPORTED_EXACT,True,Verified in NL text: exact literal match found.
187515,321.0,assign_to_costs,Yes,TEXT_SUPPORTED_EXACT,TEXT_SUPPORTED_EXACT,True,Verified in NL text: exact literal match found.
187515,0.5,is_x_compare,No,SOLVER_OR_API_CONSTANT,SOLVER_OR_API_CONSTANT,True,"Implementation detail: Gurobi solver parameter, status constant, or comparison threshold (e.g. status == 2 or x > 0.5)."
5027,105.0,assign_to_supply | assign_to_limits,Yes,TEXT_SUPPORTED_EXACT,TEXT_SUPPORTED_EXACT,True,Verified in NL text: exact literal match found.
5027,137.0,assign_to_supply | assign_to_limits | assign_to_limits,Yes,TEXT_SUPPORTED_EXACT,TEXT_SUPPORTED_EXACT,True,Verified in NL text: exact literal match found.
5027,124.0,assign_to_supply | assign_to_limits,Yes,TEXT_SUPPORTED_EXACT,TEXT_SUPPORTED_EXACT,True,Verified in NL text: exact literal match found.
5027,109.0,assign_to_supply,Yes,TEXT_SUPPORTED_EXACT,TEXT_SUPPORTED_EXACT,True,Verified in NL text: exact literal match found.
5027,87.0,assign_to_supply,Yes,TEXT_SUPPORTED_EXACT,TEXT_SUPPORTED_EXACT,True,Verified in NL text: exact literal match found.
5027,129.0,assign_to_supply,Yes,TEXT_SUPPORTED_EXACT,TEXT_SUPPORTED_EXACT,True,Verified in NL text: exact literal match found.
5027,108.0,assign_to_demand,Yes,TEXT_SUPPORTED_EXACT,TEXT_SUPPORTED_EXACT,True,Verified in NL text: exact literal match found.
5027,97.0,assign_to_demand,Yes,TEXT_SUPPORTED_EXACT,TEXT_SUPPORTED_EXACT,True,Verified in NL text: exact literal match found.
5027,84.0,assign_to_demand,Yes,TEXT_SUPPORTED_EXACT,TEXT_SUPPORTED_EXACT,True,Verified in NL text: exact literal match found.
5027,149.0,assign_to_demand | assign_to_limits,Yes,TEXT_SUPPORTED_EXACT,TEXT_SUPPORTED_EXACT,True,Verified in NL text: exact literal match found.
5027,131.0,assign_to_demand | assign_to_limits,Yes,TEXT_SUPPORTED_EXACT,TEXT_SUPPORTED_EXACT,True,Verified in NL text: exact literal match found.
5027,122.0,assign_to_demand,Yes,TEXT_SUPPORTED_EXACT,TEXT_SUPPORTED_EXACT,True,Verified in NL text: exact literal match found.
5027,30.0,assign_to_cost | assign_to_cost | assign_to_cost | assign_to_cost | assign_to_cost | assign_to_cost | assign_to_cost | assign_to_cost | assign_to_cost | assign_to_cost,Yes,TEXT_SUPPORTED_EXACT,TEXT_SUPPORTED_EXACT,True,Verified in NL text: exact literal match found.
5027,22.0,assign_to_cost,Yes,TEXT_SUPPORTED_EXACT,TEXT_SUPPORTED_EXACT,True,Verified in NL text: exact literal match found.
5027,23.0,assign_to_cost,Yes,TEXT_SUPPORTED_EXACT,TEXT_SUPPORTED_EXACT,True,Verified in NL text: exact literal match found.
5027,28.0,assign_to_cost | assign_to_cost | assign_to_cost | assign_to_cost,Yes,TEXT_SUPPORTED_EXACT,TEXT_SUPPORTED_EXACT,True,Verified in NL text: exact literal match found.
5027,25.0,assign_to_cost | assign_to_cost | assign_to_cost | assign_to_cost | assign_to_cost,Yes,TEXT_SUPPORTED_EXACT,TEXT_SUPPORTED_EXACT,True,Verified in NL text: exact literal match found.
5027,27.0,assign_to_cost | assign_to_cost | assign_to_cost | assign_to_cost,Yes,TEXT_SUPPORTED_EXACT,TEXT_SUPPORTED_EXACT,True,Verified in NL text: exact literal match found.
5027,20.0,assign_to_cost | assign_to_cost | assign_to_cost | assign_to_cost,Yes,TEXT_SUPPORTED_EXACT,TEXT_SUPPORTED_EXACT,True,Verified in NL text: exact literal match found.
5027,21.0,assign_to_cost | assign_to_cost | assign_to_cost | assign_to_cost | assign_to_cost | assign_to_cost | assign_to_cost,Yes,TEXT_SUPPORTED_EXACT,TEXT_SUPPORTED_EXACT,True,Verified in NL text: exact literal match found.
5027,24.0,assign_to_cost | assign_to_cost | assign_to_cost | assign_to_cost,Yes,TEXT_SUPPORTED_EXACT,TEXT_SUPPORTED_EXACT,True,Verified in NL text: exact literal match found.
5027,26.0,assign_to_cost,Yes,TEXT_SUPPORTED_EXACT,TEXT_SUPPORTED_EXACT,True,Verified in NL text: exact literal match found.
5027,29.0,assign_to_cost,Yes,TEXT_SUPPORTED_EXACT,TEXT_SUPPORTED_EXACT,True,Verified in NL text: exact literal match found.
5027,148.0,assign_to_limits | assign_to_limits | assign_to_limits,Yes,TEXT_SUPPORTED_EXACT,TEXT_SUPPORTED_EXACT,True,Verified in NL text: exact literal match found.
5027,102.0,assign_to_limits | assign_to_limits,Yes,TEXT_SUPPORTED_EXACT,TEXT_SUPPORTED_EXACT,True,Verified in NL text: exact literal match found.
5027,143.0,assign_to_limits,Yes,TEXT_SUPPORTED_EXACT,TEXT_SUPPORTED_EXACT,True,Verified in NL text: exact literal match found.
5027,117.0,assign_to_limits | assign_to_limits,Yes,TEXT_SUPPORTED_EXACT,TEXT_SUPPORTED_EXACT,True,Verified in NL text: exact literal match found.
5027,112.0,assign_to_limits | assign_to_limits | assign_to_limits,Yes,TEXT_SUPPORTED_EXACT,TEXT_SUPPORTED_EXACT,True,Verified in NL text: exact literal match found.
5027,123.0,assign_to_limits,Yes,TEXT_SUPPORTED_EXACT,TEXT_SUPPORTED_EXACT,True,Verified in NL text: exact literal match found.
5027,126.0,assign_to_limits,Yes,TEXT_SUPPORTED_EXACT,TEXT_SUPPORTED_EXACT,True,Verified in NL text: exact literal match found.
5027,103.0,assign_to_limits | assign_to_limits,Yes,TEXT_SUPPORTED_EXACT,TEXT_SUPPORTED_EXACT,True,Verified in NL text: exact literal match found.
5027,110.0,assign_to_limits,Yes,TEXT_SUPPORTED_EXACT,TEXT_SUPPORTED_EXACT,True,Verified in NL text: exact literal match found.
5027,139.0,assign_to_limits,Yes,TEXT_SUPPORTED_EXACT,TEXT_SUPPORTED_EXACT,True,Verified in NL text: exact literal match found.
5027,150.0,assign_to_limits | assign_to_limits,Yes,TEXT_SUPPORTED_EXACT,TEXT_SUPPORTED_EXACT,True,Verified in NL text: exact literal match found.
5027,121.0,assign_to_limits,Yes,TEXT_SUPPORTED_EXACT,TEXT_SUPPORTED_EXACT,True,Verified in NL text: exact literal match found.
5027,116.0,assign_to_limits,Yes,TEXT_SUPPORTED_EXACT,TEXT_SUPPORTED_EXACT,True,Verified in NL text: exact literal match found.
5027,120.0,assign_to_limits | assign_to_limits,Yes,TEXT_SUPPORTED_EXACT,TEXT_SUPPORTED_EXACT,True,Verified in NL text: exact literal match found.
5027,115.0,assign_to_limits | assign_to_limits,Yes,TEXT_SUPPORTED_EXACT,TEXT_SUPPORTED_EXACT,True,Verified in NL text: exact literal match found.
5027,114.0,assign_to_limits,Yes,TEXT_SUPPORTED_EXACT,TEXT_SUPPORTED_EXACT,True,Verified in NL text: exact literal match found.
5027,133.0,assign_to_limits,Yes,TEXT_SUPPORTED_EXACT,TEXT_SUPPORTED_EXACT,True,Verified in NL text: exact literal match found.
5027,118.0,assign_to_limits,Yes,TEXT_SUPPORTED_EXACT,TEXT_SUPPORTED_EXACT,True,Verified in NL text: exact literal match found.
5027,134.0,assign_to_limits,Yes,TEXT_SUPPORTED_EXACT,TEXT_SUPPORTED_EXACT,True,Verified in NL text: exact literal match found.
5027,132.0,assign_to_limits,Yes,TEXT_SUPPORTED_EXACT,TEXT_SUPPORTED_EXACT,True,Verified in NL text: exact literal match found.
5027,100.0,assign_to_limits,Yes,TEXT_SUPPORTED_EXACT,TEXT_SUPPORTED_EXACT,True,Verified in NL text: exact literal match found.
5027,128.0,assign_to_limits,Yes,TEXT_SUPPORTED_EXACT,TEXT_SUPPORTED_EXACT,True,Verified in NL text: exact literal match found.
5027,135.0,assign_to_limits,Yes,TEXT_SUPPORTED_EXACT,TEXT_SUPPORTED_EXACT,True,Verified in NL text: exact literal match found.
5027,125.0,assign_to_limits,Yes,TEXT_SUPPORTED_EXACT,TEXT_SUPPORTED_EXACT,True,Verified in NL text: exact literal match found.
5027,145.0,assign_to_limits,Yes,TEXT_SUPPORTED_EXACT,TEXT_SUPPORTED_EXACT,True,Verified in NL text: exact literal match found.
5027,127.0,assign_to_limits,Yes,TEXT_SUPPORTED_EXACT,TEXT_SUPPORTED_EXACT,True,Verified in NL text: exact literal match found.
5027,7.0,assign_to_x; inside_call_model.addVars | inside_call_range; in_range | inside_call_range; in_range | inside_call_range; in_range | inside_call_range; in_range | inside_call_range; in_range | inside_call_range; in_range,Yes,TEXT_SUPPORTED_NORMALIZED,TEXT_SUPPORTED_NORMALIZED,True,"Verified in NL text: value matches in normalized format (written word, percentage, or currency)."
5027,6.0,assign_to_x; inside_call_model.addVars | inside_call_range; in_range | inside_call_range; in_range | inside_call_range; in_range | inside_call_range; in_range | inside_call_range; in_range | inside_call_range; in_range,Yes,TEXT_SUPPORTED_EXACT,TEXT_SUPPORTED_EXACT,True,Verified in NL text: exact literal match found.
91671,2.0,assign_to_products | assign_to_months | assign_to_c | assign_to_c | assign_to_c | assign_to_c | assign_to_c | assign_to_c | assign_to_c | assign_to_c | assign_to_c | assign_to_s | assign_to_s | assign_to_s | assign_to_s | assign_to_s | assign_to_s | assign_to_s | assign_to_s | assign_to_s | assign_to_h | assign_to_d | assign_to_d | assign_to_d | assign_to_d | assign_to_d | assign_to_d | assign_to_d | assign_to_d | assign_to_d | assign_to_r | assign_to_R | assign_to_M | assign_to_M | assign_to_M | assign_to_M | assign_to_M | assign_to_M | assign_to_M | assign_to_M | assign_to_M,Yes,TEXT_SUPPORTED_EXACT,TEXT_SUPPORTED_EXACT,True,Verified in NL text: exact literal match found.
91671,3.0,assign_to_months | assign_to_c | assign_to_c | assign_to_c | assign_to_s | assign_to_s | assign_to_s | assign_to_d | assign_to_d | assign_to_d | assign_to_R | assign_to_M | assign_to_M | assign_to_M,Yes,TEXT_SUPPORTED_EXACT,TEXT_SUPPORTED_EXACT,True,Verified in NL text: exact literal match found.
91671,4.0,assign_to_months | assign_to_c | assign_to_c | assign_to_c | assign_to_s | assign_to_s | assign_to_s | assign_to_d | assign_to_d | assign_to_d | assign_to_R | assign_to_M | assign_to_M | assign_to_M,Yes,TEXT_SUPPORTED_EXACT,TEXT_SUPPORTED_EXACT,True,Verified in NL text: exact literal match found.
91671,5.0,assign_to_months | assign_to_c | assign_to_c | assign_to_c | assign_to_s | assign_to_s | assign_to_s | assign_to_h | assign_to_h | assign_to_h | assign_to_d | assign_to_d | assign_to_d | assign_to_R | assign_to_M | assign_to_M | assign_to_M,Yes,TEXT_SUPPORTED_EXACT,TEXT_SUPPORTED_EXACT,True,Verified in NL text: exact literal match found.
91671,6.0,assign_to_months | assign_to_c | assign_to_c | assign_to_c | assign_to_s | assign_to_s | assign_to_s | assign_to_d | assign_to_d | assign_to_d | assign_to_R | assign_to_M | assign_to_M | assign_to_M,Yes,TEXT_SUPPORTED_EXACT,TEXT_SUPPORTED_EXACT,True,Verified in NL text: exact literal match found.
91671,41.0,assign_to_c | assign_to_c | assign_to_c | assign_to_c | assign_to_c,Yes,TEXT_SUPPORTED_EXACT,TEXT_SUPPORTED_EXACT,True,Verified in NL text: exact literal match found.
91671,42.0,assign_to_c | assign_to_c,Yes,TEXT_SUPPORTED_EXACT,TEXT_SUPPORTED_EXACT,True,Verified in NL text: exact literal match found.
91671,45.0,assign_to_c | assign_to_c | assign_to_c | assign_to_c,Yes,TEXT_SUPPORTED_EXACT,TEXT_SUPPORTED_EXACT,True,Verified in NL text: exact literal match found.
91671,43.0,assign_to_c | assign_to_c,Yes,TEXT_SUPPORTED_EXACT,TEXT_SUPPORTED_EXACT,True,Verified in NL text: exact literal match found.
91671,44.0,assign_to_c | assign_to_c | assign_to_c,Yes,TEXT_SUPPORTED_EXACT,TEXT_SUPPORTED_EXACT,True,Verified in NL text: exact literal match found.
91671,40.0,assign_to_c | assign_to_c,Yes,TEXT_SUPPORTED_EXACT,TEXT_SUPPORTED_EXACT,True,Verified in NL text: exact literal match found.
91671,1113.0,assign_to_s,Yes,TEXT_SUPPORTED_EXACT,TEXT_SUPPORTED_EXACT,True,Verified in NL text: exact literal match found.
91671,1078.0,assign_to_s,Yes,TEXT_SUPPORTED_EXACT,TEXT_SUPPORTED_EXACT,True,Verified in NL text: exact literal match found.
91671,1320.0,assign_to_s,Yes,TEXT_SUPPORTED_EXACT,TEXT_SUPPORTED_EXACT,True,Verified in NL text: exact literal match found.
91671,1213.0,assign_to_s,Yes,TEXT_SUPPORTED_EXACT,TEXT_SUPPORTED_EXACT,True,Verified in NL text: exact literal match found.
91671,1456.0,assign_to_s,Yes,TEXT_SUPPORTED_EXACT,TEXT_SUPPORTED_EXACT,True,Verified in NL text: exact literal match found.
91671,1460.0,assign_to_s,Yes,TEXT_SUPPORTED_EXACT,TEXT_SUPPORTED_EXACT,True,Verified in NL text: exact literal match found.
91671,1217.0,assign_to_s,Yes,TEXT_SUPPORTED_EXACT,TEXT_SUPPORTED_EXACT,True,Verified in NL text: exact literal match found.
91671,1309.0,assign_to_s,Yes,TEXT_SUPPORTED_EXACT,TEXT_SUPPORTED_EXACT,True,Verified in NL text: exact literal match found.
91671,1080.0,assign_to_s,Yes,TEXT_SUPPORTED_EXACT,TEXT_SUPPORTED_EXACT,True,Verified in NL text: exact literal match found.
91671,1146.0,assign_to_s,Yes,TEXT_SUPPORTED_EXACT,TEXT_SUPPORTED_EXACT,True,Verified in NL text: exact literal match found.
91671,1137.0,assign_to_s,Yes,TEXT_SUPPORTED_EXACT,TEXT_SUPPORTED_EXACT,True,Verified in NL text: exact literal match found.
91671,1121.0,assign_to_s | assign_to_R,Yes,TEXT_SUPPORTED_EXACT,TEXT_SUPPORTED_EXACT,True,Verified in NL text: exact literal match found.
91671,1065.0,assign_to_s,Yes,TEXT_SUPPORTED_EXACT,TEXT_SUPPORTED_EXACT,True,Verified in NL text: exact literal match found.
91671,1277.0,assign_to_s,Yes,TEXT_SUPPORTED_EXACT,TEXT_SUPPORTED_EXACT,True,Verified in NL text: exact literal match found.
91671,1186.0,assign_to_s,Yes,TEXT_SUPPORTED_EXACT,TEXT_SUPPORTED_EXACT,True,Verified in NL text: exact literal match found.
91671,1441.0,assign_to_s,Yes,TEXT_SUPPORTED_EXACT,TEXT_SUPPORTED_EXACT,True,Verified in NL text: exact literal match found.
91671,1436.0,assign_to_s,Yes,TEXT_SUPPORTED_EXACT,TEXT_SUPPORTED_EXACT,True,Verified in NL text: exact literal match found.
91671,1204.0,assign_to_s,Yes,TEXT_SUPPORTED_EXACT,TEXT_SUPPORTED_EXACT,True,Verified in NL text: exact literal match found.
91671,93.0,assign_to_d,Yes,TEXT_SUPPORTED_EXACT,TEXT_SUPPORTED_EXACT,True,Verified in NL text: exact literal match found.
91671,85.0,assign_to_d | assign_to_d,Yes,TEXT_SUPPORTED_EXACT,TEXT_SUPPORTED_EXACT,True,Verified in NL text: exact literal match found.
91671,58.0,assign_to_d,Yes,TEXT_SUPPORTED_EXACT,TEXT_SUPPORTED_EXACT,True,Verified in NL text: exact literal match found.
91671,60.0,assign_to_d,Yes,TEXT_SUPPORTED_EXACT,TEXT_SUPPORTED_EXACT,True,Verified in NL text: exact literal match found.
91671,98.0,assign_to_d,Yes,TEXT_SUPPORTED_EXACT,TEXT_SUPPORTED_EXACT,True,Verified in NL text: exact literal match found.
91671,53.0,assign_to_d | assign_to_d | assign_to_M,Yes,TEXT_SUPPORTED_EXACT,TEXT_SUPPORTED_EXACT,True,Verified in NL text: exact literal match found.
91671,100.0,assign_to_d,Yes,TEXT_SUPPORTED_EXACT,TEXT_SUPPORTED_EXACT,True,Verified in NL text: exact literal match found.
91671,64.0,assign_to_d,Yes,TEXT_SUPPORTED_EXACT,TEXT_SUPPORTED_EXACT,True,Verified in NL text: exact literal match found.
91671,59.0,assign_to_d,Yes,TEXT_SUPPORTED_EXACT,TEXT_SUPPORTED_EXACT,True,Verified in NL text: exact literal match found.
91671,69.0,assign_to_d,Yes,TEXT_SUPPORTED_EXACT,TEXT_SUPPORTED_EXACT,True,Verified in NL text: exact literal match found.
91671,71.0,assign_to_d | assign_to_M,Yes,TEXT_SUPPORTED_EXACT,TEXT_SUPPORTED_EXACT,True,Verified in NL text: exact literal match found.
91671,92.0,assign_to_d | assign_to_d,Yes,TEXT_SUPPORTED_EXACT,TEXT_SUPPORTED_EXACT,True,Verified in NL text: exact literal match found.
91671,65.0,assign_to_d,Yes,TEXT_SUPPORTED_EXACT,TEXT_SUPPORTED_EXACT,True,Verified in NL text: exact literal match found.
91671,79.0,assign_to_d,Yes,TEXT_SUPPORTED_EXACT,TEXT_SUPPORTED_EXACT,True,Verified in NL text: exact literal match found.
91671,61.0,assign_to_d | assign_to_M,Yes,TEXT_SUPPORTED_EXACT,TEXT_SUPPORTED_EXACT,True,Verified in NL text: exact literal match found.
91671,1.880422,assign_to_r,Yes,TEXT_SUPPORTED_EXACT,TEXT_SUPPORTED_EXACT,True,Verified in NL text: exact literal match found.
91671,1.702792,assign_to_r,Yes,TEXT_SUPPORTED_EXACT,TEXT_SUPPORTED_EXACT,True,Verified in NL text: exact literal match found.
91671,1.935816,assign_to_r,Yes,TEXT_SUPPORTED_EXACT,TEXT_SUPPORTED_EXACT,True,Verified in NL text: exact literal match found.
91671,1097.0,assign_to_R,Yes,TEXT_SUPPORTED_EXACT,TEXT_SUPPORTED_EXACT,True,Verified in NL text: exact literal match found.
91671,1124.0,assign_to_R,Yes,TEXT_SUPPORTED_EXACT,TEXT_SUPPORTED_EXACT,True,Verified in NL text: exact literal match found.
91671,1104.0,assign_to_R,Yes,TEXT_SUPPORTED_EXACT,TEXT_SUPPORTED_EXACT,True,Verified in NL text: exact literal match found.
91671,1157.0,assign_to_R,Yes,TEXT_SUPPORTED_EXACT,TEXT_SUPPORTED_EXACT,True,Verified in NL text: exact literal match found.
91671,1119.0,assign_to_R,Yes,TEXT_SUPPORTED_EXACT,TEXT_SUPPORTED_EXACT,True,Verified in NL text: exact literal match found.
91671,447.0,assign_to_M,Yes,TEXT_SUPPORTED_EXACT,TEXT_SUPPORTED_EXACT,True,Verified in NL text: exact literal match found.
91671,354.0,assign_to_M,Yes,TEXT_SUPPORTED_EXACT,TEXT_SUPPORTED_EXACT,True,Verified in NL text: exact literal match found.
91671,269.0,assign_to_M,Yes,TEXT_SUPPORTED_EXACT,TEXT_SUPPORTED_EXACT,True,Verified in NL text: exact literal match found.
91671,211.0,assign_to_M,Yes,TEXT_SUPPORTED_EXACT,TEXT_SUPPORTED_EXACT,True,Verified in NL text: exact literal match found.
91671,151.0,assign_to_M,Yes,TEXT_SUPPORTED_EXACT,TEXT_SUPPORTED_EXACT,True,Verified in NL text: exact literal match found.
91671,416.0,assign_to_M,Yes,TEXT_SUPPORTED_EXACT,TEXT_SUPPORTED_EXACT,True,Verified in NL text: exact literal match found.
91671,316.0,assign_to_M,Yes,TEXT_SUPPORTED_EXACT,TEXT_SUPPORTED_EXACT,True,Verified in NL text: exact literal match found.
91671,263.0,assign_to_M,Yes,TEXT_SUPPORTED_EXACT,TEXT_SUPPORTED_EXACT,True,Verified in NL text: exact literal match found.
91671,199.0,assign_to_M,Yes,TEXT_SUPPORTED_EXACT,TEXT_SUPPORTED_EXACT,True,Verified in NL text: exact literal match found.
91671,140.0,assign_to_M | assign_to_M,Yes,TEXT_SUPPORTED_EXACT,TEXT_SUPPORTED_EXACT,True,Verified in NL text: exact literal match found.
91671,474.0,assign_to_M,Yes,TEXT_SUPPORTED_EXACT,TEXT_SUPPORTED_EXACT,True,Verified in NL text: exact literal match found.
91671,382.0,assign_to_M,Yes,TEXT_SUPPORTED_EXACT,TEXT_SUPPORTED_EXACT,True,Verified in NL text: exact literal match found.
91671,317.0,assign_to_M,Yes,TEXT_SUPPORTED_EXACT,TEXT_SUPPORTED_EXACT,True,Verified in NL text: exact literal match found.
91671,225.0,assign_to_M,Yes,TEXT_SUPPORTED_EXACT,TEXT_SUPPORTED_EXACT,True,Verified in NL text: exact literal match found.
157460,2.0,assign_to_factories | assign_to_months | assign_to_fixed_costs | assign_to_variable_costs | assign_to_variable_costs | assign_to_variable_costs | assign_to_min_production | assign_to_max_production | assign_to_demand,Yes,TEXT_SUPPORTED_EXACT,TEXT_SUPPORTED_EXACT,True,Verified in NL text: exact literal match found.
157460,3.0,assign_to_factories | assign_to_months | assign_to_fixed_costs | assign_to_variable_costs | assign_to_min_production | assign_to_max_production | assign_to_demand,Yes,TEXT_SUPPORTED_EXACT,TEXT_SUPPORTED_EXACT,True,Verified in NL text: exact literal match found.
157460,4.0,assign_to_factories | assign_to_months | assign_to_fixed_costs | assign_to_variable_costs | assign_to_variable_costs | assign_to_min_production | assign_to_max_production | assign_to_demand,Yes,TEXT_SUPPORTED_EXACT,TEXT_SUPPORTED_EXACT,True,Verified in NL text: exact literal match found.
157460,5.0,assign_to_factories | assign_to_fixed_costs | assign_to_variable_costs | assign_to_min_production | assign_to_max_production,Yes,TEXT_SUPPORTED_EXACT,TEXT_SUPPORTED_EXACT,True,Verified in NL text: exact literal match found.
157460,399.0,assign_to_fixed_costs,Yes,TEXT_SUPPORTED_EXACT,TEXT_SUPPORTED_EXACT,True,Verified in NL text: exact literal match found.
157460,580.0,assign_to_fixed_costs,Yes,TEXT_SUPPORTED_EXACT,TEXT_SUPPORTED_EXACT,True,Verified in NL text: exact literal match found.
157460,301.0,assign_to_fixed_costs,Yes,TEXT_SUPPORTED_EXACT,TEXT_SUPPORTED_EXACT,True,Verified in NL text: exact literal match found.
157460,318.0,assign_to_fixed_costs,Yes,TEXT_SUPPORTED_EXACT,TEXT_SUPPORTED_EXACT,True,Verified in NL text: exact literal match found.
157460,206.0,assign_to_fixed_costs,Yes,TEXT_SUPPORTED_EXACT,TEXT_SUPPORTED_EXACT,True,Verified in NL text: exact literal match found.
157460,377.0,assign_to_fixed_costs,Yes,TEXT_SUPPORTED_EXACT,TEXT_SUPPORTED_EXACT,True,Verified in NL text: exact literal match found.
157460,7.0,assign_to_variable_costs,Yes,TEXT_SUPPORTED_EXACT,TEXT_SUPPORTED_EXACT,True,Verified in NL text: exact literal match found.
157460,9.0,assign_to_variable_costs,Yes,TEXT_SUPPORTED_EXACT,TEXT_SUPPORTED_EXACT,True,Verified in NL text: exact literal match found.
157460,10.0,assign_to_variable_costs,Yes,TEXT_SUPPORTED_EXACT,TEXT_SUPPORTED_EXACT,True,Verified in NL text: exact literal match found.
157460,37.0,assign_to_min_production,Yes,TEXT_SUPPORTED_EXACT,TEXT_SUPPORTED_EXACT,True,Verified in NL text: exact literal match found.
157460,38.0,assign_to_min_production,Yes,TEXT_SUPPORTED_EXACT,TEXT_SUPPORTED_EXACT,True,Verified in NL text: exact literal match found.
157460,31.0,assign_to_min_production | assign_to_min_production,Yes,TEXT_SUPPORTED_EXACT,TEXT_SUPPORTED_EXACT,True,Verified in NL text: exact literal match found.
157460,39.0,assign_to_min_production,Yes,TEXT_SUPPORTED_EXACT,TEXT_SUPPORTED_EXACT,True,Verified in NL text: exact literal match found.
157460,46.0,assign_to_min_production,Yes,TEXT_SUPPORTED_EXACT,TEXT_SUPPORTED_EXACT,True,Verified in NL text: exact literal match found.
157460,118.0,assign_to_max_production,Yes,TEXT_SUPPORTED_EXACT,TEXT_SUPPORTED_EXACT,True,Verified in NL text: exact literal match found.
157460,149.0,assign_to_max_production,Yes,TEXT_SUPPORTED_EXACT,TEXT_SUPPORTED_EXACT,True,Verified in NL text: exact literal match found.
157460,137.0,assign_to_max_production,Yes,TEXT_SUPPORTED_EXACT,TEXT_SUPPORTED_EXACT,True,Verified in NL text: exact literal match found.
157460,145.0,assign_to_max_production,Yes,TEXT_SUPPORTED_EXACT,TEXT_SUPPORTED_EXACT,True,Verified in NL text: exact literal match found.
157460,110.0,assign_to_max_production,Yes,TEXT_SUPPORTED_EXACT,TEXT_SUPPORTED_EXACT,True,Verified in NL text: exact literal match found.
157460,143.0,assign_to_max_production,Yes,TEXT_SUPPORTED_EXACT,TEXT_SUPPORTED_EXACT,True,Verified in NL text: exact literal match found.
157460,155.0,assign_to_demand,Yes,TEXT_SUPPORTED_EXACT,TEXT_SUPPORTED_EXACT,True,Verified in NL text: exact literal match found.
157460,172.0,assign_to_demand,Yes,TEXT_SUPPORTED_EXACT,TEXT_SUPPORTED_EXACT,True,Verified in NL text: exact literal match found.
157460,200.0,assign_to_demand,Yes,TEXT_SUPPORTED_EXACT,TEXT_SUPPORTED_EXACT,True,Verified in NL text: exact literal match found.
157460,193.0,assign_to_demand,Yes,TEXT_SUPPORTED_EXACT,TEXT_SUPPORTED_EXACT,True,Verified in NL text: exact literal match found.
157460,203.0,assign_to_demand,Yes,TEXT_SUPPORTED_EXACT,TEXT_SUPPORTED_EXACT,True,Verified in NL text: exact literal match found.
157460,0.5,is_x_compare,No,SOLVER_OR_API_CONSTANT,SOLVER_OR_API_CONSTANT,True,"Implementation detail: Gurobi solver parameter, status constant, or comparison threshold (e.g. status == 2 or x > 0.5)."
183479,2.0,assign_to_items | assign_to_weights | assign_to_bins,Yes,TEXT_SUPPORTED_EXACT,TEXT_SUPPORTED_EXACT,True,Verified in NL text: exact literal match found.
183479,3.0,assign_to_items | assign_to_weights | assign_to_bins,Yes,TEXT_SUPPORTED_EXACT,TEXT_SUPPORTED_EXACT,True,Verified in NL text: exact literal match found.
183479,29.0,assign_to_weights,Yes,TEXT_SUPPORTED_EXACT,TEXT_SUPPORTED_EXACT,True,Verified in NL text: exact literal match found.
183479,32.0,assign_to_weights,Yes,TEXT_SUPPORTED_EXACT,TEXT_SUPPORTED_EXACT,True,Verified in NL text: exact literal match found.
183479,25.0,assign_to_weights | assign_to_weights,Yes,TEXT_SUPPORTED_EXACT,TEXT_SUPPORTED_EXACT,True,Verified in NL text: exact literal match found.
183479,100.0,assign_to_bin_capacity,Yes,TEXT_SUPPORTED_EXACT,TEXT_SUPPORTED_EXACT,True,Verified in NL text: exact literal match found.
183479,0.5,is_x_compare | is_x_compare,No,SOLVER_OR_API_CONSTANT,SOLVER_OR_API_CONSTANT,True,"Implementation detail: Gurobi solver parameter, status constant, or comparison threshold (e.g. status == 2 or x > 0.5)."
75202,2.0,assign_to_benefits | assign_to_benefits | assign_to_benefits | assign_to_benefits | assign_to_benefits | assign_to_benefits | inside_call_model.addConstr,Yes,TEXT_SUPPORTED_EXACT,TEXT_SUPPORTED_EXACT,True,Verified in NL text: exact literal match found.
75202,3.0,assign_to_benefits | assign_to_benefits | assign_to_benefits | assign_to_benefits | assign_to_benefits | assign_to_benefits,Yes,TEXT_SUPPORTED_EXACT,TEXT_SUPPORTED_EXACT,True,Verified in NL text: exact literal match found.
75202,13.0,assign_to_benefits | assign_to_benefits | assign_to_benefits | assign_to_benefits | assign_to_benefits,Yes,TEXT_SUPPORTED_EXACT,TEXT_SUPPORTED_EXACT,True,Verified in NL text: exact literal match found.
75202,15.0,assign_to_benefits,Yes,TEXT_SUPPORTED_EXACT,TEXT_SUPPORTED_EXACT,True,Verified in NL text: exact literal match found.
75202,11.0,assign_to_benefits | assign_to_benefits,Yes,TEXT_SUPPORTED_EXACT,TEXT_SUPPORTED_EXACT,True,Verified in NL text: exact literal match found.
75202,12.0,assign_to_benefits | assign_to_benefits,Yes,TEXT_SUPPORTED_EXACT,TEXT_SUPPORTED_EXACT,True,Verified in NL text: exact literal match found.
75202,10.0,assign_to_benefits | assign_to_benefits,Yes,TEXT_SUPPORTED_EXACT,TEXT_SUPPORTED_EXACT,True,Verified in NL text: exact literal match found.
75202,4.0,assign_to_x; inside_call_model.addVars | inside_call_range; in_range | inside_call_range; in_range,Yes,TEXT_SUPPORTED_EXACT,TEXT_SUPPORTED_EXACT,True,Verified in NL text: exact literal match found.
75202,0.5,is_x_compare,No,SOLVER_OR_API_CONSTANT,SOLVER_OR_API_CONSTANT,True,"Implementation detail: Gurobi solver parameter, status constant, or comparison threshold (e.g. status == 2 or x > 0.5)."
111939,34.0,assign_to_nodes; inside_call_range; in_range,Yes,TEXT_SUPPORTED_EXACT,TEXT_SUPPORTED_EXACT,True,Verified in NL text: exact literal match found.
111939,331.0,assign_to_efficiency,Yes,TEXT_SUPPORTED_EXACT,TEXT_SUPPORTED_EXACT,True,Verified in NL text: exact literal match found.
111939,347.0,assign_to_efficiency,Yes,TEXT_SUPPORTED_EXACT,TEXT_SUPPORTED_EXACT,True,Verified in NL text: exact literal match found.
111939,173.0,assign_to_efficiency | assign_to_efficiency,Yes,TEXT_SUPPORTED_EXACT,TEXT_SUPPORTED_EXACT,True,Verified in NL text: exact literal match found.
111939,305.0,assign_to_efficiency,Yes,TEXT_SUPPORTED_EXACT,TEXT_SUPPORTED_EXACT,True,Verified in NL text: exact literal match found.
111939,259.0,assign_to_efficiency,Yes,TEXT_SUPPORTED_EXACT,TEXT_SUPPORTED_EXACT,True,Verified in NL text: exact literal match found.
111939,206.0,assign_to_efficiency,Yes,TEXT_SUPPORTED_EXACT,TEXT_SUPPORTED_EXACT,True,Verified in NL text: exact literal match found.
111939,242.0,assign_to_efficiency,Yes,TEXT_SUPPORTED_EXACT,TEXT_SUPPORTED_EXACT,True,Verified in NL text: exact literal match found.
111939,205.0,assign_to_efficiency,Yes,TEXT_SUPPORTED_EXACT,TEXT_SUPPORTED_EXACT,True,Verified in NL text: exact literal match found.
111939,339.0,assign_to_efficiency,Yes,TEXT_SUPPORTED_EXACT,TEXT_SUPPORTED_EXACT,True,Verified in NL text: exact literal match found.
111939,178.0,assign_to_efficiency,Yes,TEXT_SUPPORTED_EXACT,TEXT_SUPPORTED_EXACT,True,Verified in NL text: exact literal match found.
111939,233.0,assign_to_efficiency | assign_to_efficiency,Yes,TEXT_SUPPORTED_EXACT,TEXT_SUPPORTED_EXACT,True,Verified in NL text: exact literal match found.
111939,152.0,assign_to_efficiency,Yes,TEXT_SUPPORTED_EXACT,TEXT_SUPPORTED_EXACT,True,Verified in NL text: exact literal match found.
111939,164.0,assign_to_efficiency,Yes,TEXT_SUPPORTED_EXACT,TEXT_SUPPORTED_EXACT,True,Verified in NL text: exact literal match found.
111939,217.0,assign_to_efficiency,Yes,TEXT_SUPPORTED_EXACT,TEXT_SUPPORTED_EXACT,True,Verified in NL text: exact literal match found.
111939,166.0,assign_to_efficiency,Yes,TEXT_SUPPORTED_EXACT,TEXT_SUPPORTED_EXACT,True,Verified in NL text: exact literal match found.
111939,227.0,assign_to_efficiency,Yes,TEXT_SUPPORTED_EXACT,TEXT_SUPPORTED_EXACT,True,Verified in NL text: exact literal match found.
111939,213.0,assign_to_efficiency,Yes,TEXT_SUPPORTED_EXACT,TEXT_SUPPORTED_EXACT,True,Verified in NL text: exact literal match found.
111939,268.0,assign_to_efficiency,Yes,TEXT_SUPPORTED_EXACT,TEXT_SUPPORTED_EXACT,True,Verified in NL text: exact literal match found.
111939,289.0,assign_to_efficiency,Yes,TEXT_SUPPORTED_EXACT,TEXT_SUPPORTED_EXACT,True,Verified in NL text: exact literal match found.
111939,201.0,assign_to_efficiency,Yes,TEXT_SUPPORTED_EXACT,TEXT_SUPPORTED_EXACT,True,Verified in NL text: exact literal match found.
111939,202.0,assign_to_efficiency,Yes,TEXT_SUPPORTED_EXACT,TEXT_SUPPORTED_EXACT,True,Verified in NL text: exact literal match found.
111939,266.0,assign_to_efficiency,Yes,TEXT_SUPPORTED_EXACT,TEXT_SUPPORTED_EXACT,True,Verified in NL text: exact literal match found.
111939,246.0,assign_to_efficiency,Yes,TEXT_SUPPORTED_EXACT,TEXT_SUPPORTED_EXACT,True,Verified in NL text: exact literal match found.
111939,281.0,assign_to_efficiency,Yes,TEXT_SUPPORTED_EXACT,TEXT_SUPPORTED_EXACT,True,Verified in NL text: exact literal match found.
111939,194.0,assign_to_efficiency,Yes,TEXT_SUPPORTED_EXACT,TEXT_SUPPORTED_EXACT,True,Verified in NL text: exact literal match found.
111939,221.0,assign_to_efficiency,Yes,TEXT_SUPPORTED_EXACT,TEXT_SUPPORTED_EXACT,True,Verified in NL text: exact literal match found.
111939,333.0,assign_to_efficiency | assign_to_efficiency,Yes,TEXT_SUPPORTED_EXACT,TEXT_SUPPORTED_EXACT,True,Verified in NL text: exact literal match found.
111939,198.0,assign_to_efficiency,Yes,TEXT_SUPPORTED_EXACT,TEXT_SUPPORTED_EXACT,True,Verified in NL text: exact literal match found.
111939,262.0,assign_to_efficiency,Yes,TEXT_SUPPORTED_EXACT,TEXT_SUPPORTED_EXACT,True,Verified in NL text: exact literal match found.
111939,318.0,assign_to_efficiency,Yes,TEXT_SUPPORTED_EXACT,TEXT_SUPPORTED_EXACT,True,Verified in NL text: exact literal match found.
111939,282.0,assign_to_efficiency,Yes,TEXT_SUPPORTED_EXACT,TEXT_SUPPORTED_EXACT,True,Verified in NL text: exact literal match found.
111939,47.0,assign_to_resource_consumption,Yes,TEXT_SUPPORTED_EXACT,TEXT_SUPPORTED_EXACT,True,Verified in NL text: exact literal match found.
111939,30.0,assign_to_resource_consumption,Yes,TEXT_SUPPORTED_EXACT,TEXT_SUPPORTED_EXACT,True,Verified in NL text: exact literal match found.
111939,54.0,assign_to_resource_consumption | assign_to_resource_consumption | assign_to_resource_consumption,Yes,TEXT_SUPPORTED_EXACT,TEXT_SUPPORTED_EXACT,True,Verified in NL text: exact literal match found.
111939,25.0,assign_to_resource_consumption,Yes,TEXT_SUPPORTED_EXACT,TEXT_SUPPORTED_EXACT,True,Verified in NL text: exact literal match found.
111939,41.0,assign_to_resource_consumption | assign_to_resource_consumption,Yes,TEXT_SUPPORTED_EXACT,TEXT_SUPPORTED_EXACT,True,Verified in NL text: exact literal match found.
111939,53.0,assign_to_resource_consumption | assign_to_resource_consumption,Yes,TEXT_SUPPORTED_EXACT,TEXT_SUPPORTED_EXACT,True,Verified in NL text: exact literal match found.
111939,44.0,assign_to_resource_consumption,Yes,TEXT_SUPPORTED_EXACT,TEXT_SUPPORTED_EXACT,True,Verified in NL text: exact literal match found.
111939,27.0,assign_to_resource_consumption | assign_to_resource_consumption | assign_to_resource_consumption,Yes,TEXT_SUPPORTED_EXACT,TEXT_SUPPORTED_EXACT,True,Verified in NL text: exact literal match found.
111939,32.0,assign_to_resource_consumption | assign_to_resource_consumption,Yes,TEXT_SUPPORTED_EXACT,TEXT_SUPPORTED_EXACT,True,Verified in NL text: exact literal match found.
111939,37.0,assign_to_resource_consumption | assign_to_resource_consumption | assign_to_resource_consumption,Yes,TEXT_SUPPORTED_EXACT,TEXT_SUPPORTED_EXACT,True,Verified in NL text: exact literal match found.
111939,55.0,assign_to_resource_consumption | assign_to_resource_consumption,Yes,TEXT_SUPPORTED_EXACT,TEXT_SUPPORTED_EXACT,True,Verified in NL text: exact literal match found.
111939,31.0,assign_to_resource_consumption | assign_to_resource_consumption | assign_to_resource_consumption,Yes,TEXT_SUPPORTED_EXACT,TEXT_SUPPORTED_EXACT,True,Verified in NL text: exact literal match found.
111939,33.0,assign_to_resource_consumption | assign_to_resource_consumption,Yes,TEXT_SUPPORTED_EXACT,TEXT_SUPPORTED_EXACT,True,Verified in NL text: exact literal match found.
111939,51.0,assign_to_resource_consumption,Yes,TEXT_SUPPORTED_EXACT,TEXT_SUPPORTED_EXACT,True,Verified in NL text: exact literal match found.
111939,46.0,assign_to_resource_consumption,Yes,TEXT_SUPPORTED_EXACT,TEXT_SUPPORTED_EXACT,True,Verified in NL text: exact literal match found.
111939,26.0,assign_to_resource_consumption,Yes,TEXT_SUPPORTED_EXACT,TEXT_SUPPORTED_EXACT,True,Verified in NL text: exact literal match found.
111939,48.0,assign_to_resource_consumption,Yes,TEXT_SUPPORTED_EXACT,TEXT_SUPPORTED_EXACT,True,Verified in NL text: exact literal match found.
111939,50.0,assign_to_resource_consumption,Yes,TEXT_SUPPORTED_EXACT,TEXT_SUPPORTED_EXACT,True,Verified in NL text: exact literal match found.
111939,43.0,assign_to_resource_consumption,Yes,TEXT_SUPPORTED_EXACT,TEXT_SUPPORTED_EXACT,True,Verified in NL text: exact literal match found.
111939,40.0,assign_to_resource_consumption,Yes,TEXT_SUPPORTED_EXACT,TEXT_SUPPORTED_EXACT,True,Verified in NL text: exact literal match found.
111939,28.0,assign_to_resource_consumption,Yes,TEXT_SUPPORTED_EXACT,TEXT_SUPPORTED_EXACT,True,Verified in NL text: exact literal match found.
111939,879.0,assign_to_capacity,Yes,TEXT_SUPPORTED_EXACT,TEXT_SUPPORTED_EXACT,True,Verified in NL text: exact literal match found.
111939,0.5,is_x_compare,No,SOLVER_OR_API_CONSTANT,SOLVER_OR_API_CONSTANT,True,"Implementation detail: Gurobi solver parameter, status constant, or comparison threshold (e.g. status == 2 or x > 0.5)."
6356,1203.0,assign_to_revenues,Yes,TEXT_SUPPORTED_EXACT,TEXT_SUPPORTED_EXACT,True,Verified in NL text: exact literal match found.
6356,1508.0,assign_to_revenues,Yes,TEXT_SUPPORTED_EXACT,TEXT_SUPPORTED_EXACT,True,Verified in NL text: exact literal match found.
6356,1200.0,assign_to_revenues,Yes,TEXT_SUPPORTED_EXACT,TEXT_SUPPORTED_EXACT,True,Verified in NL text: exact literal match found.
6356,1616.0,assign_to_revenues,Yes,TEXT_SUPPORTED_EXACT,TEXT_SUPPORTED_EXACT,True,Verified in NL text: exact literal match found.
6356,1671.0,assign_to_revenues,Yes,TEXT_SUPPORTED_EXACT,TEXT_SUPPORTED_EXACT,True,Verified in NL text: exact literal match found.
6356,1822.0,assign_to_revenues,Yes,TEXT_SUPPORTED_EXACT,TEXT_SUPPORTED_EXACT,True,Verified in NL text: exact literal match found.
6356,1428.0,assign_to_revenues,Yes,TEXT_SUPPORTED_EXACT,TEXT_SUPPORTED_EXACT,True,Verified in NL text: exact literal match found.
6356,1402.0,assign_to_revenues,Yes,TEXT_SUPPORTED_EXACT,TEXT_SUPPORTED_EXACT,True,Verified in NL text: exact literal match found.
6356,1602.0,assign_to_revenues,Yes,TEXT_SUPPORTED_EXACT,TEXT_SUPPORTED_EXACT,True,Verified in NL text: exact literal match found.
6356,1414.0,assign_to_revenues,Yes,TEXT_SUPPORTED_EXACT,TEXT_SUPPORTED_EXACT,True,Verified in NL text: exact literal match found.
6356,1830.0,assign_to_revenues,Yes,TEXT_SUPPORTED_EXACT,TEXT_SUPPORTED_EXACT,True,Verified in NL text: exact literal match found.
6356,1186.0,assign_to_revenues,Yes,TEXT_SUPPORTED_EXACT,TEXT_SUPPORTED_EXACT,True,Verified in NL text: exact literal match found.
6356,1593.0,assign_to_revenues,Yes,TEXT_SUPPORTED_EXACT,TEXT_SUPPORTED_EXACT,True,Verified in NL text: exact literal match found.
6356,1647.0,assign_to_revenues,Yes,TEXT_SUPPORTED_EXACT,TEXT_SUPPORTED_EXACT,True,Verified in NL text: exact literal match found.
6356,1336.0,assign_to_revenues,Yes,TEXT_SUPPORTED_EXACT,TEXT_SUPPORTED_EXACT,True,Verified in NL text: exact literal match found.
6356,1992.0,assign_to_revenues,Yes,TEXT_SUPPORTED_EXACT,TEXT_SUPPORTED_EXACT,True,Verified in NL text: exact literal match found.
6356,1665.0,assign_to_revenues,Yes,TEXT_SUPPORTED_EXACT,TEXT_SUPPORTED_EXACT,True,Verified in NL text: exact literal match found.
6356,1348.0,assign_to_revenues,Yes,TEXT_SUPPORTED_EXACT,TEXT_SUPPORTED_EXACT,True,Verified in NL text: exact literal match found.
6356,1666.0,assign_to_revenues,Yes,TEXT_SUPPORTED_EXACT,TEXT_SUPPORTED_EXACT,True,Verified in NL text: exact literal match found.
6356,1299.0,assign_to_revenues,Yes,TEXT_SUPPORTED_EXACT,TEXT_SUPPORTED_EXACT,True,Verified in NL text: exact literal match found.
6356,1323.0,assign_to_revenues,Yes,TEXT_SUPPORTED_EXACT,TEXT_SUPPORTED_EXACT,True,Verified in NL text: exact literal match found.
6356,1169.0,assign_to_revenues,Yes,TEXT_SUPPORTED_EXACT,TEXT_SUPPORTED_EXACT,True,Verified in NL text: exact literal match found.
6356,55.0,assign_to_demands | assign_to_demands,Yes,TEXT_SUPPORTED_EXACT,TEXT_SUPPORTED_EXACT,True,Verified in NL text: exact literal match found.
6356,44.0,assign_to_demands | assign_to_demands | assign_to_demands | assign_to_demands,Yes,TEXT_SUPPORTED_EXACT,TEXT_SUPPORTED_EXACT,True,Verified in NL text: exact literal match found.
6356,58.0,assign_to_demands,Yes,TEXT_SUPPORTED_EXACT,TEXT_SUPPORTED_EXACT,True,Verified in NL text: exact literal match found.
6356,41.0,assign_to_demands,Yes,TEXT_SUPPORTED_EXACT,TEXT_SUPPORTED_EXACT,True,Verified in NL text: exact literal match found.
6356,51.0,assign_to_demands,Yes,TEXT_SUPPORTED_EXACT,TEXT_SUPPORTED_EXACT,True,Verified in NL text: exact literal match found.
6356,40.0,assign_to_demands | assign_to_demands,Yes,TEXT_SUPPORTED_EXACT,TEXT_SUPPORTED_EXACT,True,Verified in NL text: exact literal match found.
6356,60.0,assign_to_demands | assign_to_demands,Yes,TEXT_SUPPORTED_EXACT,TEXT_SUPPORTED_EXACT,True,Verified in NL text: exact literal match found.
6356,42.0,assign_to_demands | assign_to_demands | assign_to_demands,Yes,TEXT_SUPPORTED_EXACT,TEXT_SUPPORTED_EXACT,True,Verified in NL text: exact literal match found.
6356,59.0,assign_to_demands,Yes,TEXT_SUPPORTED_EXACT,TEXT_SUPPORTED_EXACT,True,Verified in NL text: exact literal match found.
6356,53.0,assign_to_demands,Yes,TEXT_SUPPORTED_EXACT,TEXT_SUPPORTED_EXACT,True,Verified in NL text: exact literal match found.
6356,54.0,assign_to_demands | assign_to_demands,Yes,TEXT_SUPPORTED_EXACT,TEXT_SUPPORTED_EXACT,True,Verified in NL text: exact literal match found.
6356,47.0,assign_to_demands,Yes,TEXT_SUPPORTED_EXACT,TEXT_SUPPORTED_EXACT,True,Verified in NL text: exact literal match found.
6356,43.0,assign_to_demands,Yes,TEXT_SUPPORTED_EXACT,TEXT_SUPPORTED_EXACT,True,Verified in NL text: exact literal match found.
6356,2.0,assign_to_flight_legs | assign_to_flight_legs | assign_to_flight_legs | assign_to_flight_legs | assign_to_flight_legs | assign_to_flight_legs | assign_to_flight_legs | assign_to_flight_legs | assign_to_flight_legs | assign_to_flight_legs | assign_to_flight_legs | assign_to_flight_legs | assign_to_flight_legs | assign_to_flight_legs,Yes,TEXT_SUPPORTED_EXACT,TEXT_SUPPORTED_EXACT,True,Verified in NL text: exact literal match found.
6356,3.0,assign_to_flight_legs | assign_to_flight_legs | assign_to_flight_legs | assign_to_flight_legs | assign_to_flight_legs | assign_to_flight_legs | assign_to_flight_legs | assign_to_flight_legs | assign_to_flight_legs | assign_to_flight_legs | assign_to_flight_legs | assign_to_flight_legs | assign_to_flight_legs | assign_to_flight_legs | assign_to_flight_legs,Yes,TEXT_SUPPORTED_EXACT,TEXT_SUPPORTED_EXACT,True,Verified in NL text: exact literal match found.
6356,4.0,assign_to_flight_legs | assign_to_flight_legs | assign_to_flight_legs | assign_to_flight_legs | assign_to_flight_legs | assign_to_flight_legs | assign_to_flight_legs | assign_to_flight_legs | assign_to_flight_legs | assign_to_flight_legs | assign_to_flight_legs | assign_to_flight_legs | assign_to_flight_legs | assign_to_flight_legs,Yes,TEXT_SUPPORTED_EXACT,TEXT_SUPPORTED_EXACT,True,Verified in NL text: exact literal match found.
6356,5.0,assign_to_flight_legs | assign_to_flight_legs | assign_to_flight_legs | assign_to_flight_legs | assign_to_flight_legs | assign_to_flight_legs | assign_to_flight_legs | assign_to_flight_legs | assign_to_flight_legs | assign_to_flight_legs,Yes,TEXT_SUPPORTED_EXACT,TEXT_SUPPORTED_EXACT,True,Verified in NL text: exact literal match found.
6356,6.0,assign_to_flight_legs | assign_to_flight_legs | assign_to_flight_legs | assign_to_flight_legs | assign_to_flight_legs | assign_to_flight_legs | assign_to_flight_legs | assign_to_flight_legs | assign_to_flight_legs | assign_to_flight_legs,Yes,TEXT_SUPPORTED_EXACT,TEXT_SUPPORTED_EXACT,True,Verified in NL text: exact literal match found.
6356,7.0,assign_to_flight_legs | assign_to_flight_legs | assign_to_flight_legs | assign_to_flight_legs | assign_to_flight_legs | assign_to_flight_legs | assign_to_flight_legs | assign_to_flight_legs,Yes,TEXT_SUPPORTED_EXACT,TEXT_SUPPORTED_EXACT,True,Verified in NL text: exact literal match found.
6356,8.0,assign_to_flight_legs | assign_to_flight_legs | assign_to_flight_legs | assign_to_flight_legs | assign_to_flight_legs | assign_to_flight_legs | assign_to_flight_legs | assign_to_flight_legs | assign_to_flight_legs | assign_to_flight_legs | assign_to_flight_legs | assign_to_flight_legs,Yes,TEXT_SUPPORTED_EXACT,TEXT_SUPPORTED_EXACT,True,Verified in NL text: exact literal match found.
6356,9.0,assign_to_flight_legs | assign_to_flight_legs | assign_to_flight_legs | assign_to_flight_legs | assign_to_flight_legs | assign_to_flight_legs | assign_to_flight_legs | assign_to_flight_legs | assign_to_flight_legs | assign_to_flight_legs,Yes,TEXT_SUPPORTED_EXACT,TEXT_SUPPORTED_EXACT,True,Verified in NL text: exact literal match found.
6356,10.0,assign_to_flight_legs | assign_to_flight_legs | assign_to_flight_legs | assign_to_flight_legs | assign_to_flight_legs | assign_to_flight_legs | assign_to_flight_legs | assign_to_flight_legs,Yes,TEXT_SUPPORTED_EXACT,TEXT_SUPPORTED_EXACT,True,Verified in NL text: exact literal match found.
6356,11.0,assign_to_flight_legs | assign_to_flight_legs | assign_to_flight_legs | assign_to_flight_legs | assign_to_flight_legs | assign_to_flight_legs | assign_to_flight_legs | assign_to_flight_legs | assign_to_flight_legs | assign_to_flight_legs,Yes,TEXT_SUPPORTED_EXACT,TEXT_SUPPORTED_EXACT,True,Verified in NL text: exact literal match found.
6356,12.0,assign_to_flight_legs | assign_to_flight_legs | assign_to_flight_legs | assign_to_flight_legs | assign_to_flight_legs | assign_to_flight_legs,Yes,TEXT_SUPPORTED_EXACT,TEXT_SUPPORTED_EXACT,True,Verified in NL text: exact literal match found.
6356,13.0,assign_to_flight_legs | assign_to_flight_legs | assign_to_flight_legs | assign_to_flight_legs | assign_to_flight_legs | assign_to_flight_legs | assign_to_flight_legs | assign_to_flight_legs | assign_to_flight_legs | assign_to_flight_legs | assign_to_flight_legs,Yes,TEXT_SUPPORTED_EXACT,TEXT_SUPPORTED_EXACT,True,Verified in NL text: exact literal match found.
6356,14.0,assign_to_flight_legs | assign_to_flight_legs | assign_to_flight_legs | assign_to_flight_legs | assign_to_flight_legs | assign_to_flight_legs | assign_to_flight_legs | assign_to_flight_legs | assign_to_flight_legs | assign_to_flight_legs | assign_to_flight_legs,Yes,TEXT_SUPPORTED_EXACT,TEXT_SUPPORTED_EXACT,True,Verified in NL text: exact literal match found.
6356,15.0,assign_to_flight_legs | assign_to_flight_legs | assign_to_flight_legs | assign_to_flight_legs | assign_to_flight_legs | assign_to_flight_legs | assign_to_flight_legs | assign_to_flight_legs | assign_to_flight_legs | assign_to_flight_legs,Yes,TEXT_SUPPORTED_EXACT,TEXT_SUPPORTED_EXACT,True,Verified in NL text: exact literal match found.
6356,16.0,assign_to_flight_legs | assign_to_flight_legs | assign_to_flight_legs | assign_to_flight_legs | assign_to_flight_legs | assign_to_flight_legs | assign_to_flight_legs,Yes,TEXT_SUPPORTED_EXACT,TEXT_SUPPORTED_EXACT,True,Verified in NL text: exact literal match found.
6356,17.0,assign_to_flight_legs | assign_to_flight_legs | assign_to_flight_legs | assign_to_flight_legs | assign_to_flight_legs | assign_to_flight_legs | assign_to_flight_legs | assign_to_flight_legs | assign_to_flight_legs | assign_to_flight_legs | assign_to_flight_legs | assign_to_flight_legs | assign_to_flight_legs,Yes,TEXT_SUPPORTED_EXACT,TEXT_SUPPORTED_EXACT,True,Verified in NL text: exact literal match found.
6356,18.0,assign_to_flight_legs | assign_to_flight_legs | assign_to_flight_legs | assign_to_flight_legs | assign_to_flight_legs | assign_to_flight_legs | assign_to_flight_legs | assign_to_flight_legs | assign_to_flight_legs | assign_to_flight_legs,Yes,TEXT_SUPPORTED_EXACT,TEXT_SUPPORTED_EXACT,True,Verified in NL text: exact literal match found.
6356,19.0,assign_to_flight_legs | assign_to_flight_legs | assign_to_flight_legs | assign_to_flight_legs | assign_to_flight_legs | assign_to_flight_legs | assign_to_flight_legs | assign_to_flight_legs | assign_to_flight_legs | inside_call_range; in_range,Yes,TEXT_SUPPORTED_EXACT,TEXT_SUPPORTED_EXACT,True,Verified in NL text: exact literal match found.
6356,20.0,assign_to_flight_legs | assign_to_flight_legs | assign_to_flight_legs | assign_to_flight_legs | assign_to_flight_legs | assign_to_flight_legs | assign_to_flight_legs | assign_to_flight_legs | assign_to_flight_legs | assign_to_flight_legs,Yes,TEXT_SUPPORTED_EXACT,TEXT_SUPPORTED_EXACT,True,Verified in NL text: exact literal match found.
6356,21.0,assign_to_flight_legs | assign_to_flight_legs | assign_to_flight_legs | assign_to_flight_legs | assign_to_flight_legs | assign_to_flight_legs | assign_to_flight_legs | assign_to_flight_legs | assign_to_flight_legs | assign_to_flight_legs | assign_to_flight_legs | assign_to_flight_legs,Yes,TEXT_SUPPORTED_EXACT,TEXT_SUPPORTED_EXACT,True,Verified in NL text: exact literal match found.
6356,692.0,assign_to_capacities,Yes,TEXT_SUPPORTED_EXACT,TEXT_SUPPORTED_EXACT,True,Verified in NL text: exact literal match found.
6356,777.0,assign_to_capacities,Yes,TEXT_SUPPORTED_EXACT,TEXT_SUPPORTED_EXACT,True,Verified in NL text: exact literal match found.
6356,957.0,assign_to_capacities,Yes,TEXT_SUPPORTED_EXACT,TEXT_SUPPORTED_EXACT,True,Verified in NL text: exact literal match found.
6356,926.0,assign_to_capacities,Yes,TEXT_SUPPORTED_EXACT,TEXT_SUPPORTED_EXACT,True,Verified in NL text: exact literal match found.
6356,830.0,assign_to_capacities,Yes,TEXT_SUPPORTED_EXACT,TEXT_SUPPORTED_EXACT,True,Verified in NL text: exact literal match found.
6356,612.0,assign_to_capacities,Yes,TEXT_SUPPORTED_EXACT,TEXT_SUPPORTED_EXACT,True,Verified in NL text: exact literal match found.
6356,792.0,assign_to_capacities,Yes,TEXT_SUPPORTED_EXACT,TEXT_SUPPORTED_EXACT,True,Verified in NL text: exact literal match found.
6356,967.0,assign_to_capacities,Yes,TEXT_SUPPORTED_EXACT,TEXT_SUPPORTED_EXACT,True,Verified in NL text: exact literal match found.
6356,720.0,assign_to_capacities,Yes,TEXT_SUPPORTED_EXACT,TEXT_SUPPORTED_EXACT,True,Verified in NL text: exact literal match found.
6356,934.0,assign_to_capacities,Yes,TEXT_SUPPORTED_EXACT,TEXT_SUPPORTED_EXACT,True,Verified in NL text: exact literal match found.
6356,905.0,assign_to_capacities,Yes,TEXT_SUPPORTED_EXACT,TEXT_SUPPORTED_EXACT,True,Verified in NL text: exact literal match found.
6356,948.0,assign_to_capacities,Yes,TEXT_SUPPORTED_EXACT,TEXT_SUPPORTED_EXACT,True,Verified in NL text: exact literal match found.
6356,951.0,assign_to_capacities,Yes,TEXT_SUPPORTED_EXACT,TEXT_SUPPORTED_EXACT,True,Verified in NL text: exact literal match found.
6356,803.0,assign_to_capacities,Yes,TEXT_SUPPORTED_EXACT,TEXT_SUPPORTED_EXACT,True,Verified in NL text: exact literal match found.
6356,912.0,assign_to_capacities,Yes,TEXT_SUPPORTED_EXACT,TEXT_SUPPORTED_EXACT,True,Verified in NL text: exact literal match found.
6356,811.0,assign_to_capacities,Yes,TEXT_SUPPORTED_EXACT,TEXT_SUPPORTED_EXACT,True,Verified in NL text: exact literal match found.
6356,983.0,assign_to_capacities,Yes,TEXT_SUPPORTED_EXACT,TEXT_SUPPORTED_EXACT,True,Verified in NL text: exact literal match found.
6356,743.0,assign_to_capacities,Yes,TEXT_SUPPORTED_EXACT,TEXT_SUPPORTED_EXACT,True,Verified in NL text: exact literal match found.
6356,795.0,assign_to_capacities,Yes,TEXT_SUPPORTED_EXACT,TEXT_SUPPORTED_EXACT,True,Verified in NL text: exact literal match found.
6356,22.0,assign_to_x; inside_call_model.addVars | inside_call_range; in_range | inside_call_range; in_range,Yes,TEXT_SUPPORTED_EXACT,TEXT_SUPPORTED_EXACT,True,Verified in NL text: exact literal match found.
143682,189.0,assign_to_items,Yes,TEXT_SUPPORTED_EXACT,TEXT_SUPPORTED_EXACT,True,Verified in NL text: exact literal match found.
143682,42.0,assign_to_items,Yes,TEXT_SUPPORTED_EXACT,TEXT_SUPPORTED_EXACT,True,Verified in NL text: exact literal match found.
143682,303.0,assign_to_items,Yes,TEXT_SUPPORTED_EXACT,TEXT_SUPPORTED_EXACT,True,Verified in NL text: exact literal match found.
143682,43.0,assign_to_items | assign_to_items | assign_to_items,Yes,TEXT_SUPPORTED_EXACT,TEXT_SUPPORTED_EXACT,True,Verified in NL text: exact literal match found.
143682,244.0,assign_to_items,Yes,TEXT_SUPPORTED_EXACT,TEXT_SUPPORTED_EXACT,True,Verified in NL text: exact literal match found.
143682,53.0,assign_to_items | assign_to_items,Yes,TEXT_SUPPORTED_EXACT,TEXT_SUPPORTED_EXACT,True,Verified in NL text: exact literal match found.
143682,293.0,assign_to_items,Yes,TEXT_SUPPORTED_EXACT,TEXT_SUPPORTED_EXACT,True,Verified in NL text: exact literal match found.
143682,31.0,assign_to_items,Yes,TEXT_SUPPORTED_EXACT,TEXT_SUPPORTED_EXACT,True,Verified in NL text: exact literal match found.
143682,341.0,assign_to_items,Yes,TEXT_SUPPORTED_EXACT,TEXT_SUPPORTED_EXACT,True,Verified in NL text: exact literal match found.
143682,27.0,assign_to_items | assign_to_items,Yes,TEXT_SUPPORTED_EXACT,TEXT_SUPPORTED_EXACT,True,Verified in NL text: exact literal match found.
143682,309.0,assign_to_items,Yes,TEXT_SUPPORTED_EXACT,TEXT_SUPPORTED_EXACT,True,Verified in NL text: exact literal match found.
143682,39.0,assign_to_items | assign_to_items | assign_to_items | assign_to_items,Yes,TEXT_SUPPORTED_EXACT,TEXT_SUPPORTED_EXACT,True,Verified in NL text: exact literal match found.
143682,323.0,assign_to_items,Yes,TEXT_SUPPORTED_EXACT,TEXT_SUPPORTED_EXACT,True,Verified in NL text: exact literal match found.
143682,45.0,assign_to_items,Yes,TEXT_SUPPORTED_EXACT,TEXT_SUPPORTED_EXACT,True,Verified in NL text: exact literal match found.
143682,156.0,assign_to_items,Yes,TEXT_SUPPORTED_EXACT,TEXT_SUPPORTED_EXACT,True,Verified in NL text: exact literal match found.
143682,26.0,assign_to_items | assign_to_items,Yes,TEXT_SUPPORTED_EXACT,TEXT_SUPPORTED_EXACT,True,Verified in NL text: exact literal match found.
143682,329.0,assign_to_items,Yes,TEXT_SUPPORTED_EXACT,TEXT_SUPPORTED_EXACT,True,Verified in NL text: exact literal match found.
143682,51.0,assign_to_items,Yes,TEXT_SUPPORTED_EXACT,TEXT_SUPPORTED_EXACT,True,Verified in NL text: exact literal match found.
143682,255.0,assign_to_items,Yes,TEXT_SUPPORTED_EXACT,TEXT_SUPPORTED_EXACT,True,Verified in NL text: exact literal match found.
143682,50.0,assign_to_items | assign_to_items,Yes,TEXT_SUPPORTED_EXACT,TEXT_SUPPORTED_EXACT,True,Verified in NL text: exact literal match found.
143682,170.0,assign_to_items,Yes,TEXT_SUPPORTED_EXACT,TEXT_SUPPORTED_EXACT,True,Verified in NL text: exact literal match found.
143682,174.0,assign_to_items,Yes,TEXT_SUPPORTED_EXACT,TEXT_SUPPORTED_EXACT,True,Verified in NL text: exact literal match found.
143682,29.0,assign_to_items | assign_to_items,Yes,TEXT_SUPPORTED_EXACT,TEXT_SUPPORTED_EXACT,True,Verified in NL text: exact literal match found.
143682,348.0,assign_to_items,Yes,TEXT_SUPPORTED_EXACT,TEXT_SUPPORTED_EXACT,True,Verified in NL text: exact literal match found.
143682,330.0,assign_to_items,Yes,TEXT_SUPPORTED_EXACT,TEXT_SUPPORTED_EXACT,True,Verified in NL text: exact literal match found.
143682,34.0,assign_to_items | assign_to_items | assign_to_items,Yes,TEXT_SUPPORTED_EXACT,TEXT_SUPPORTED_EXACT,True,Verified in NL text: exact literal match found.
143682,350.0,assign_to_items,Yes,TEXT_SUPPORTED_EXACT,TEXT_SUPPORTED_EXACT,True,Verified in NL text: exact literal match found.
143682,269.0,assign_to_items,Yes,TEXT_SUPPORTED_EXACT,TEXT_SUPPORTED_EXACT,True,Verified in NL text: exact literal match found.
143682,263.0,assign_to_items,Yes,TEXT_SUPPORTED_EXACT,TEXT_SUPPORTED_EXACT,True,Verified in NL text: exact literal match found.
143682,200.0,assign_to_items,Yes,TEXT_SUPPORTED_EXACT,TEXT_SUPPORTED_EXACT,True,Verified in NL text: exact literal match found.
143682,265.0,assign_to_items,Yes,TEXT_SUPPORTED_EXACT,TEXT_SUPPORTED_EXACT,True,Verified in NL text: exact literal match found.
143682,30.0,assign_to_items,Yes,TEXT_SUPPORTED_EXACT,TEXT_SUPPORTED_EXACT,True,Verified in NL text: exact literal match found.
143682,312.0,assign_to_items,Yes,TEXT_SUPPORTED_EXACT,TEXT_SUPPORTED_EXACT,True,Verified in NL text: exact literal match found.
143682,209.0,assign_to_items,Yes,TEXT_SUPPORTED_EXACT,TEXT_SUPPORTED_EXACT,True,Verified in NL text: exact literal match found.
143682,47.0,assign_to_items,Yes,TEXT_SUPPORTED_EXACT,TEXT_SUPPORTED_EXACT,True,Verified in NL text: exact literal match found.
143682,297.0,assign_to_items,Yes,TEXT_SUPPORTED_EXACT,TEXT_SUPPORTED_EXACT,True,Verified in NL text: exact literal match found.
143682,175.0,assign_to_items,Yes,TEXT_SUPPORTED_EXACT,TEXT_SUPPORTED_EXACT,True,Verified in NL text: exact literal match found.
143682,252.0,assign_to_items,Yes,TEXT_SUPPORTED_EXACT,TEXT_SUPPORTED_EXACT,True,Verified in NL text: exact literal match found.
143682,28.0,assign_to_items,Yes,TEXT_SUPPORTED_EXACT,TEXT_SUPPORTED_EXACT,True,Verified in NL text: exact literal match found.
143682,311.0,assign_to_items,Yes,TEXT_SUPPORTED_EXACT,TEXT_SUPPORTED_EXACT,True,Verified in NL text: exact literal match found.
143682,48.0,assign_to_items,Yes,TEXT_SUPPORTED_EXACT,TEXT_SUPPORTED_EXACT,True,Verified in NL text: exact literal match found.
143682,262.0,assign_to_items,Yes,TEXT_SUPPORTED_EXACT,TEXT_SUPPORTED_EXACT,True,Verified in NL text: exact literal match found.
143682,38.0,assign_to_items,Yes,TEXT_SUPPORTED_EXACT,TEXT_SUPPORTED_EXACT,True,Verified in NL text: exact literal match found.
143682,277.0,assign_to_items,Yes,TEXT_SUPPORTED_EXACT,TEXT_SUPPORTED_EXACT,True,Verified in NL text: exact literal match found.
143682,55.0,assign_to_items | assign_to_items,Yes,TEXT_SUPPORTED_EXACT,TEXT_SUPPORTED_EXACT,True,Verified in NL text: exact literal match found.
143682,264.0,assign_to_items,Yes,TEXT_SUPPORTED_EXACT,TEXT_SUPPORTED_EXACT,True,Verified in NL text: exact literal match found.
143682,163.0,assign_to_items,Yes,TEXT_SUPPORTED_EXACT,TEXT_SUPPORTED_EXACT,True,Verified in NL text: exact literal match found.
143682,32.0,assign_to_items,Yes,TEXT_SUPPORTED_EXACT,TEXT_SUPPORTED_EXACT,True,Verified in NL text: exact literal match found.
143682,282.0,assign_to_items,Yes,TEXT_SUPPORTED_EXACT,TEXT_SUPPORTED_EXACT,True,Verified in NL text: exact literal match found.
143682,157.0,assign_to_items,Yes,TEXT_SUPPORTED_EXACT,TEXT_SUPPORTED_EXACT,True,Verified in NL text: exact literal match found.
143682,166.0,assign_to_items,Yes,TEXT_SUPPORTED_EXACT,TEXT_SUPPORTED_EXACT,True,Verified in NL text: exact literal match found.
143682,818.0,assign_to_capacity,Yes,TEXT_SUPPORTED_EXACT,TEXT_SUPPORTED_EXACT,True,Verified in NL text: exact literal match found.
143682,0.5,is_x_compare,No,SOLVER_OR_API_CONSTANT,SOLVER_OR_API_CONSTANT,True,"Implementation detail: Gurobi solver parameter, status constant, or comparison threshold (e.g. status == 2 or x > 0.5)."
84035,2.0,assign_to_employees | assign_to_projects | assign_to_a | assign_to_r | assign_to_c | assign_to_c | assign_to_c | assign_to_c | assign_to_c | assign_to_c | assign_to_c | assign_to_c | assign_to_c | assign_to_c | assign_to_c | assign_to_c | assign_to_c | assign_to_u | assign_to_u | assign_to_u | assign_to_u | assign_to_u | assign_to_u | assign_to_u | assign_to_u | assign_to_u | assign_to_u | assign_to_u | assign_to_u | assign_to_u,Yes,TEXT_SUPPORTED_EXACT,TEXT_SUPPORTED_EXACT,True,Verified in NL text: exact literal match found.
84035,3.0,assign_to_employees | assign_to_projects | assign_to_a | assign_to_r | assign_to_c | assign_to_c | assign_to_c | assign_to_c | assign_to_c | assign_to_c | assign_to_c | assign_to_c | assign_to_c | assign_to_c | assign_to_c | assign_to_c | assign_to_c | assign_to_u | assign_to_u | assign_to_u | assign_to_u | assign_to_u | assign_to_u | assign_to_u | assign_to_u | assign_to_u | assign_to_u | assign_to_u | assign_to_u | assign_to_u,Yes,TEXT_SUPPORTED_EXACT,TEXT_SUPPORTED_EXACT,True,Verified in NL text: exact literal match found.
84035,4.0,assign_to_employees | assign_to_projects | assign_to_a | assign_to_r | assign_to_c | assign_to_c | assign_to_c | assign_to_c | assign_to_c | assign_to_c | assign_to_c | assign_to_c | assign_to_c | assign_to_c | assign_to_c | assign_to_c | assign_to_c | assign_to_u | assign_to_u | assign_to_u | assign_to_u | assign_to_u | assign_to_u | assign_to_u | assign_to_u | assign_to_u | assign_to_u | assign_to_u | assign_to_u | assign_to_u,Yes,TEXT_SUPPORTED_EXACT,TEXT_SUPPORTED_EXACT,True,Verified in NL text: exact literal match found.
84035,5.0,assign_to_employees | assign_to_projects | assign_to_a | assign_to_r | assign_to_c | assign_to_c | assign_to_c | assign_to_c | assign_to_c | assign_to_c | assign_to_c | assign_to_c | assign_to_c | assign_to_c | assign_to_c | assign_to_c | assign_to_c | assign_to_u | assign_to_u | assign_to_u | assign_to_u | assign_to_u | assign_to_u | assign_to_u | assign_to_u | assign_to_u | assign_to_u | assign_to_u | assign_to_u | assign_to_u | assign_to_u | assign_to_u | assign_to_u | assign_to_u | assign_to_u | assign_to_u,Yes,TEXT_SUPPORTED_EXACT,TEXT_SUPPORTED_EXACT,True,Verified in NL text: exact literal match found.
84035,6.0,assign_to_employees | assign_to_a | assign_to_c | assign_to_c | assign_to_c | assign_to_c | assign_to_c | assign_to_c | assign_to_u | assign_to_u | assign_to_u | assign_to_u | assign_to_u | assign_to_u | assign_to_u | assign_to_u | assign_to_u | assign_to_u | assign_to_u | assign_to_u | assign_to_u | assign_to_u | assign_to_u,Yes,TEXT_SUPPORTED_EXACT,TEXT_SUPPORTED_EXACT,True,Verified in NL text: exact literal match found.
84035,9.0,assign_to_a | assign_to_u | assign_to_u | assign_to_u | assign_to_u | assign_to_u | assign_to_u | assign_to_u | assign_to_u | assign_to_u | assign_to_u,Yes,TEXT_SUPPORTED_EXACT,TEXT_SUPPORTED_EXACT,True,Verified in NL text: exact literal match found.
84035,17.0,assign_to_a | assign_to_r | assign_to_r,Yes,TEXT_SUPPORTED_EXACT,TEXT_SUPPORTED_EXACT,True,Verified in NL text: exact literal match found.
84035,16.0,assign_to_a | assign_to_r | assign_to_r,Yes,TEXT_SUPPORTED_EXACT,TEXT_SUPPORTED_EXACT,True,Verified in NL text: exact literal match found.
84035,15.0,assign_to_a | assign_to_a | assign_to_a,Yes,TEXT_SUPPORTED_EXACT,TEXT_SUPPORTED_EXACT,True,Verified in NL text: exact literal match found.
84035,18.0,assign_to_a,Yes,TEXT_SUPPORTED_EXACT,TEXT_SUPPORTED_EXACT,True,Verified in NL text: exact literal match found.
84035,20.0,assign_to_r,Yes,TEXT_SUPPORTED_EXACT,TEXT_SUPPORTED_EXACT,True,Verified in NL text: exact literal match found.
84035,19.0,assign_to_r,Yes,TEXT_SUPPORTED_EXACT,TEXT_SUPPORTED_EXACT,True,Verified in NL text: exact literal match found.
84035,25.0,assign_to_c | assign_to_c | assign_to_c | assign_to_c | assign_to_c,Yes,TEXT_SUPPORTED_EXACT,TEXT_SUPPORTED_EXACT,True,Verified in NL text: exact literal match found.
84035,32.0,assign_to_c | assign_to_c | assign_to_c | assign_to_c | assign_to_c,Yes,TEXT_SUPPORTED_EXACT,TEXT_SUPPORTED_EXACT,True,Verified in NL text: exact literal match found.
84035,26.0,assign_to_c | assign_to_c | assign_to_c | assign_to_c | assign_to_c,Yes,TEXT_SUPPORTED_EXACT,TEXT_SUPPORTED_EXACT,True,Verified in NL text: exact literal match found.
84035,31.0,assign_to_c | assign_to_c | assign_to_c,Yes,TEXT_SUPPORTED_EXACT,TEXT_SUPPORTED_EXACT,True,Verified in NL text: exact literal match found.
84035,35.0,assign_to_c | assign_to_c | assign_to_c | assign_to_c | assign_to_c,Yes,TEXT_SUPPORTED_EXACT,TEXT_SUPPORTED_EXACT,True,Verified in NL text: exact literal match found.
84035,33.0,assign_to_c | assign_to_c | assign_to_c,Yes,TEXT_SUPPORTED_EXACT,TEXT_SUPPORTED_EXACT,True,Verified in NL text: exact literal match found.
84035,29.0,assign_to_c | assign_to_c | assign_to_c | assign_to_c,Yes,TEXT_SUPPORTED_EXACT,TEXT_SUPPORTED_EXACT,True,Verified in NL text: exact literal match found.
84035,27.0,assign_to_c | assign_to_c,Yes,TEXT_SUPPORTED_EXACT,TEXT_SUPPORTED_EXACT,True,Verified in NL text: exact literal match found.
84035,28.0,assign_to_c | assign_to_c | assign_to_c | assign_to_c | assign_to_c,Yes,TEXT_SUPPORTED_EXACT,TEXT_SUPPORTED_EXACT,True,Verified in NL text: exact literal match found.
84035,34.0,assign_to_c | assign_to_c | assign_to_c,Yes,TEXT_SUPPORTED_EXACT,TEXT_SUPPORTED_EXACT,True,Verified in NL text: exact literal match found.
84035,30.0,assign_to_c | assign_to_c,Yes,TEXT_SUPPORTED_EXACT,TEXT_SUPPORTED_EXACT,True,Verified in NL text: exact literal match found.
84035,7.0,assign_to_u | assign_to_u | assign_to_u | assign_to_u | assign_to_u | assign_to_u,Yes,TEXT_SUPPORTED_EXACT,TEXT_SUPPORTED_EXACT,True,Verified in NL text: exact literal match found.
84035,8.0,assign_to_u | assign_to_u | assign_to_u | assign_to_u,Yes,TEXT_SUPPORTED_EXACT,TEXT_SUPPORTED_EXACT,True,Verified in NL text: exact literal match found.
84035,10.0,assign_to_u | assign_to_u | assign_to_u | assign_to_u | assign_to_u | assign_to_u | assign_to_u,Yes,TEXT_SUPPORTED_EXACT,TEXT_SUPPORTED_EXACT,True,Verified in NL text: exact literal match found.
182551,1107.0,assign_to_supply,Yes,TEXT_SUPPORTED_EXACT,TEXT_SUPPORTED_EXACT,True,Verified in NL text: exact literal match found.
182551,418.0,assign_to_supply | assign_to_demand,Yes,TEXT_SUPPORTED_EXACT,TEXT_SUPPORTED_EXACT,True,Verified in NL text: exact literal match found.
182551,423.0,assign_to_supply | assign_to_demand,Yes,TEXT_SUPPORTED_EXACT,TEXT_SUPPORTED_EXACT,True,Verified in NL text: exact literal match found.
182551,363.0,assign_to_supply | assign_to_demand,Yes,TEXT_SUPPORTED_EXACT,TEXT_SUPPORTED_EXACT,True,Verified in NL text: exact literal match found.
182551,402.0,assign_to_supply,Yes,TEXT_SUPPORTED_EXACT,TEXT_SUPPORTED_EXACT,True,Verified in NL text: exact literal match found.
182551,430.0,assign_to_supply | assign_to_capacity | assign_to_capacity | assign_to_capacity | assign_to_capacity | assign_to_capacity | assign_to_capacity | assign_to_capacity,Yes,TEXT_SUPPORTED_EXACT,TEXT_SUPPORTED_EXACT,True,Verified in NL text: exact literal match found.
182551,425.0,assign_to_supply,Yes,TEXT_SUPPORTED_EXACT,TEXT_SUPPORTED_EXACT,True,Verified in NL text: exact literal match found.
182551,388.0,assign_to_supply,Yes,TEXT_SUPPORTED_EXACT,TEXT_SUPPORTED_EXACT,True,Verified in NL text: exact literal match found.
182551,377.0,assign_to_demand,Yes,TEXT_SUPPORTED_EXACT,TEXT_SUPPORTED_EXACT,True,Verified in NL text: exact literal match found.
182551,450.0,assign_to_demand | assign_to_capacity | assign_to_capacity | assign_to_capacity | assign_to_capacity | assign_to_capacity | assign_to_capacity | assign_to_capacity,Yes,TEXT_SUPPORTED_EXACT,TEXT_SUPPORTED_EXACT,True,Verified in NL text: exact literal match found.
182551,386.0,assign_to_demand,Yes,TEXT_SUPPORTED_EXACT,TEXT_SUPPORTED_EXACT,True,Verified in NL text: exact literal match found.
182551,413.0,assign_to_demand,Yes,TEXT_SUPPORTED_EXACT,TEXT_SUPPORTED_EXACT,True,Verified in NL text: exact literal match found.
182551,374.0,assign_to_demand,Yes,TEXT_SUPPORTED_EXACT,TEXT_SUPPORTED_EXACT,True,Verified in NL text: exact literal match found.
182551,372.0,assign_to_demand,Yes,TEXT_SUPPORTED_EXACT,TEXT_SUPPORTED_EXACT,True,Verified in NL text: exact literal match found.
182551,380.0,assign_to_demand | assign_to_capacity | assign_to_capacity | assign_to_capacity | assign_to_capacity | assign_to_capacity,Yes,TEXT_SUPPORTED_EXACT,TEXT_SUPPORTED_EXACT,True,Verified in NL text: exact literal match found.
182551,25.0,assign_to_cost | assign_to_cost | assign_to_cost | assign_to_cost | assign_to_cost | assign_to_cost | assign_to_cost,Yes,TEXT_SUPPORTED_EXACT,TEXT_SUPPORTED_EXACT,True,Verified in NL text: exact literal match found.
182551,29.0,assign_to_cost | assign_to_cost | assign_to_cost | assign_to_cost | assign_to_cost | assign_to_cost | assign_to_cost | assign_to_cost,Yes,TEXT_SUPPORTED_EXACT,TEXT_SUPPORTED_EXACT,True,Verified in NL text: exact literal match found.
182551,26.0,assign_to_cost | assign_to_cost | assign_to_cost | assign_to_cost | assign_to_cost,Yes,TEXT_SUPPORTED_EXACT,TEXT_SUPPORTED_EXACT,True,Verified in NL text: exact literal match found.
182551,33.0,assign_to_cost | assign_to_cost | assign_to_cost | assign_to_cost | assign_to_cost | assign_to_cost | assign_to_cost | assign_to_cost | assign_to_cost,Yes,TEXT_SUPPORTED_EXACT,TEXT_SUPPORTED_EXACT,True,Verified in NL text: exact literal match found.
182551,30.0,assign_to_cost | assign_to_cost | assign_to_cost | assign_to_cost | assign_to_cost | assign_to_cost | assign_to_cost | assign_to_cost | assign_to_cost | assign_to_cost,Yes,TEXT_SUPPORTED_EXACT,TEXT_SUPPORTED_EXACT,True,Verified in NL text: exact literal match found.
182551,27.0,assign_to_cost | assign_to_cost | assign_to_cost | assign_to_cost | assign_to_cost | assign_to_cost | assign_to_cost,Yes,TEXT_SUPPORTED_EXACT,TEXT_SUPPORTED_EXACT,True,Verified in NL text: exact literal match found.
182551,34.0,assign_to_cost | assign_to_cost | assign_to_cost | assign_to_cost | assign_to_cost | assign_to_cost | assign_to_cost,Yes,TEXT_SUPPORTED_EXACT,TEXT_SUPPORTED_EXACT,True,Verified in NL text: exact literal match found.
182551,31.0,assign_to_cost | assign_to_cost | assign_to_cost | assign_to_cost | assign_to_cost | assign_to_cost | assign_to_cost | assign_to_cost | assign_to_cost,Yes,TEXT_SUPPORTED_EXACT,TEXT_SUPPORTED_EXACT,True,Verified in NL text: exact literal match found.
182551,28.0,assign_to_cost | assign_to_cost | assign_to_cost | assign_to_cost | assign_to_cost,Yes,TEXT_SUPPORTED_EXACT,TEXT_SUPPORTED_EXACT,True,Verified in NL text: exact literal match found.
182551,32.0,assign_to_cost | assign_to_cost | assign_to_cost | assign_to_cost | assign_to_cost,Yes,TEXT_SUPPORTED_EXACT,TEXT_SUPPORTED_EXACT,True,Verified in NL text: exact literal match found.
182551,35.0,assign_to_cost | assign_to_cost | assign_to_cost | assign_to_cost | assign_to_cost | assign_to_cost | assign_to_cost | assign_to_cost,Yes,TEXT_SUPPORTED_EXACT,TEXT_SUPPORTED_EXACT,True,Verified in NL text: exact literal match found.
182551,485.0,assign_to_capacity,Yes,TEXT_SUPPORTED_EXACT,TEXT_SUPPORTED_EXACT,True,Verified in NL text: exact literal match found.
182551,492.0,assign_to_capacity,Yes,TEXT_SUPPORTED_EXACT,TEXT_SUPPORTED_EXACT,True,Verified in NL text: exact literal match found.
182551,500.0,assign_to_capacity,No,IMPLEMENTATION_ONLY,IMPLEMENTATION_ONLY,True,"Implementation detail: helper constant (e.g., large penalty coefficient / big-M) introduced by the code generator."
182551,480.0,assign_to_capacity | assign_to_capacity | assign_to_capacity,No,IMPLEMENTATION_ONLY,IMPLEMENTATION_ONLY,True,"Implementation detail: helper constant (e.g., large penalty coefficient / big-M) introduced by the code generator."
182551,490.0,assign_to_capacity | assign_to_capacity,No,IMPLEMENTATION_ONLY,IMPLEMENTATION_ONLY,True,"Implementation detail: helper constant (e.g., large penalty coefficient / big-M) introduced by the code generator."
182551,470.0,assign_to_capacity | assign_to_capacity | assign_to_capacity | assign_to_capacity,No,IMPLEMENTATION_ONLY,IMPLEMENTATION_ONLY,True,"Implementation detail: helper constant (e.g., large penalty coefficient / big-M) introduced by the code generator."
182551,460.0,assign_to_capacity | assign_to_capacity | assign_to_capacity | assign_to_capacity | assign_to_capacity,No,IMPLEMENTATION_ONLY,IMPLEMENTATION_ONLY,True,"Implementation detail: helper constant (e.g., large penalty coefficient / big-M) introduced by the code generator."
182551,440.0,assign_to_capacity | assign_to_capacity | assign_to_capacity | assign_to_capacity | assign_to_capacity | assign_to_capacity | assign_to_capacity,No,IMPLEMENTATION_ONLY,IMPLEMENTATION_ONLY,True,"Implementation detail: helper constant (e.g., large penalty coefficient / big-M) introduced by the code generator."
182551,400.0,assign_to_capacity | assign_to_capacity | assign_to_capacity | assign_to_capacity | assign_to_capacity | assign_to_capacity | assign_to_capacity,No,IMPLEMENTATION_ONLY,IMPLEMENTATION_ONLY,True,"Implementation detail: helper constant (e.g., large penalty coefficient / big-M) introduced by the code generator."
182551,410.0,assign_to_capacity | assign_to_capacity | assign_to_capacity | assign_to_capacity | assign_to_capacity | assign_to_capacity | assign_to_capacity,No,IMPLEMENTATION_ONLY,IMPLEMENTATION_ONLY,True,"Implementation detail: helper constant (e.g., large penalty coefficient / big-M) introduced by the code generator."
182551,420.0,assign_to_capacity | assign_to_capacity | assign_to_capacity | assign_to_capacity | assign_to_capacity | assign_to_capacity | assign_to_capacity,No,IMPLEMENTATION_ONLY,IMPLEMENTATION_ONLY,True,"Implementation detail: helper constant (e.g., large penalty coefficient / big-M) introduced by the code generator."
182551,390.0,assign_to_capacity | assign_to_capacity | assign_to_capacity | assign_to_capacity | assign_to_capacity | assign_to_capacity,No,IMPLEMENTATION_ONLY,IMPLEMENTATION_ONLY,True,"Implementation detail: helper constant (e.g., large penalty coefficient / big-M) introduced by the code generator."
182551,370.0,assign_to_capacity | assign_to_capacity | assign_to_capacity | assign_to_capacity,No,IMPLEMENTATION_ONLY,IMPLEMENTATION_ONLY,True,"Implementation detail: helper constant (e.g., large penalty coefficient / big-M) introduced by the code generator."
182551,360.0,assign_to_capacity | assign_to_capacity | assign_to_capacity,No,IMPLEMENTATION_ONLY,IMPLEMENTATION_ONLY,True,"Implementation detail: helper constant (e.g., large penalty coefficient / big-M) introduced by the code generator."
182551,350.0,assign_to_capacity | assign_to_capacity,No,IMPLEMENTATION_ONLY,IMPLEMENTATION_ONLY,True,"Implementation detail: helper constant (e.g., large penalty coefficient / big-M) introduced by the code generator."
182551,340.0,assign_to_capacity,No,IMPLEMENTATION_ONLY,IMPLEMENTATION_ONLY,True,"Implementation detail: helper constant (e.g., large penalty coefficient / big-M) introduced by the code generator."
18950,2.0,assign_to_employees | assign_to_projects | assign_to_available_hours | assign_to_required_hours | assign_to_cost | assign_to_cost | assign_to_cost | assign_to_cost | assign_to_cost | assign_to_cost | assign_to_cost | assign_to_cost | assign_to_cost | assign_to_cost | assign_to_cost | assign_to_max_hours | assign_to_max_hours | assign_to_max_hours | assign_to_max_hours | assign_to_max_hours | assign_to_max_hours | assign_to_max_hours | assign_to_max_hours | assign_to_max_hours | assign_to_max_hours | assign_to_max_hours,Yes,TEXT_SUPPORTED_EXACT,TEXT_SUPPORTED_EXACT,True,Verified in NL text: exact literal match found.
18950,3.0,assign_to_employees | assign_to_projects | assign_to_available_hours | assign_to_required_hours | assign_to_cost | assign_to_cost | assign_to_cost | assign_to_cost | assign_to_cost | assign_to_cost | assign_to_cost | assign_to_cost | assign_to_cost | assign_to_cost | assign_to_cost | assign_to_max_hours | assign_to_max_hours | assign_to_max_hours | assign_to_max_hours | assign_to_max_hours | assign_to_max_hours | assign_to_max_hours | assign_to_max_hours | assign_to_max_hours | assign_to_max_hours | assign_to_max_hours,Yes,TEXT_SUPPORTED_EXACT,TEXT_SUPPORTED_EXACT,True,Verified in NL text: exact literal match found.
18950,4.0,assign_to_employees | assign_to_projects | assign_to_available_hours | assign_to_required_hours | assign_to_cost | assign_to_cost | assign_to_cost | assign_to_cost | assign_to_cost | assign_to_cost | assign_to_cost | assign_to_cost | assign_to_cost | assign_to_cost | assign_to_cost | assign_to_max_hours | assign_to_max_hours | assign_to_max_hours | assign_to_max_hours | assign_to_max_hours | assign_to_max_hours | assign_to_max_hours | assign_to_max_hours | assign_to_max_hours | assign_to_max_hours | assign_to_max_hours | assign_to_max_hours | assign_to_max_hours | assign_to_max_hours | assign_to_max_hours | assign_to_max_hours | assign_to_max_hours | assign_to_max_hours,Yes,TEXT_SUPPORTED_EXACT,TEXT_SUPPORTED_EXACT,True,Verified in NL text: exact literal match found.
18950,5.0,assign_to_projects | assign_to_required_hours | assign_to_cost | assign_to_cost | assign_to_cost | assign_to_cost | assign_to_cost | assign_to_max_hours | assign_to_max_hours | assign_to_max_hours | assign_to_max_hours | assign_to_max_hours | assign_to_max_hours | assign_to_max_hours | assign_to_max_hours | assign_to_max_hours | assign_to_max_hours | assign_to_max_hours,Yes,TEXT_SUPPORTED_EXACT,TEXT_SUPPORTED_EXACT,True,Verified in NL text: exact literal match found.
18950,11.0,assign_to_available_hours | assign_to_available_hours,Yes,TEXT_SUPPORTED_EXACT,TEXT_SUPPORTED_EXACT,True,Verified in NL text: exact literal match found.
18950,10.0,assign_to_available_hours | assign_to_required_hours,Yes,TEXT_SUPPORTED_EXACT,TEXT_SUPPORTED_EXACT,True,Verified in NL text: exact literal match found.
18950,12.0,assign_to_available_hours,Yes,TEXT_SUPPORTED_EXACT,TEXT_SUPPORTED_EXACT,True,Verified in NL text: exact literal match found.
18950,8.0,assign_to_available_hours | assign_to_required_hours | assign_to_max_hours | assign_to_max_hours | assign_to_max_hours | assign_to_max_hours | assign_to_max_hours | assign_to_max_hours | assign_to_max_hours | assign_to_max_hours,Yes,TEXT_SUPPORTED_EXACT,TEXT_SUPPORTED_EXACT,True,Verified in NL text: exact literal match found.
18950,7.0,assign_to_required_hours | assign_to_max_hours | assign_to_max_hours | assign_to_max_hours | assign_to_max_hours | assign_to_max_hours,Yes,TEXT_SUPPORTED_EXACT,TEXT_SUPPORTED_EXACT,True,Verified in NL text: exact literal match found.
18950,9.0,assign_to_required_hours | assign_to_required_hours | assign_to_required_hours,Yes,TEXT_SUPPORTED_EXACT,TEXT_SUPPORTED_EXACT,True,Verified in NL text: exact literal match found.
18950,23.0,assign_to_cost | assign_to_cost | assign_to_cost,Yes,TEXT_SUPPORTED_EXACT,TEXT_SUPPORTED_EXACT,True,Verified in NL text: exact literal match found.
18950,27.0,assign_to_cost | assign_to_cost | assign_to_cost | assign_to_cost,Yes,TEXT_SUPPORTED_EXACT,TEXT_SUPPORTED_EXACT,True,Verified in NL text: exact literal match found.
18950,17.0,assign_to_cost | assign_to_cost,Yes,TEXT_SUPPORTED_EXACT,TEXT_SUPPORTED_EXACT,True,Verified in NL text: exact literal match found.
18950,22.0,assign_to_cost | assign_to_cost | assign_to_cost,Yes,TEXT_SUPPORTED_EXACT,TEXT_SUPPORTED_EXACT,True,Verified in NL text: exact literal match found.
18950,30.0,assign_to_cost | assign_to_cost,Yes,TEXT_SUPPORTED_EXACT,TEXT_SUPPORTED_EXACT,True,Verified in NL text: exact literal match found.
18950,20.0,assign_to_cost,Yes,TEXT_SUPPORTED_EXACT,TEXT_SUPPORTED_EXACT,True,Verified in NL text: exact literal match found.
18950,15.0,assign_to_cost | assign_to_cost | assign_to_cost,Yes,TEXT_SUPPORTED_EXACT,TEXT_SUPPORTED_EXACT,True,Verified in NL text: exact literal match found.
18950,16.0,assign_to_cost,Yes,TEXT_SUPPORTED_EXACT,TEXT_SUPPORTED_EXACT,True,Verified in NL text: exact literal match found.
18950,19.0,assign_to_cost | assign_to_cost | assign_to_cost,Yes,TEXT_SUPPORTED_EXACT,TEXT_SUPPORTED_EXACT,True,Verified in NL text: exact literal match found.
18950,25.0,assign_to_cost,Yes,TEXT_SUPPORTED_EXACT,TEXT_SUPPORTED_EXACT,True,Verified in NL text: exact literal match found.
18950,21.0,assign_to_cost | assign_to_cost,Yes,TEXT_SUPPORTED_EXACT,TEXT_SUPPORTED_EXACT,True,Verified in NL text: exact literal match found.
18950,18.0,assign_to_cost | assign_to_cost,Yes,TEXT_SUPPORTED_EXACT,TEXT_SUPPORTED_EXACT,True,Verified in NL text: exact literal match found.
18950,29.0,assign_to_cost,Yes,TEXT_SUPPORTED_EXACT,TEXT_SUPPORTED_EXACT,True,Verified in NL text: exact literal match found.
18950,24.0,assign_to_cost,Yes,TEXT_SUPPORTED_EXACT,TEXT_SUPPORTED_EXACT,True,Verified in NL text: exact literal match found.
18950,26.0,assign_to_cost,Yes,TEXT_SUPPORTED_EXACT,TEXT_SUPPORTED_EXACT,True,Verified in NL text: exact literal match found.
18950,6.0,assign_to_max_hours | assign_to_max_hours | assign_to_max_hours | assign_to_max_hours,Yes,TEXT_SUPPORTED_EXACT,TEXT_SUPPORTED_EXACT,True,Verified in NL text: exact literal match found.
178438,2.0,assign_to_interaction_scores | assign_to_interaction_scores | assign_to_interaction_scores | assign_to_interaction_scores | assign_to_interaction_scores | assign_to_interaction_scores | assign_to_interaction_scores | assign_to_interaction_scores | assign_to_interaction_scores | assign_to_interaction_scores,Yes,TEXT_SUPPORTED_EXACT,TEXT_SUPPORTED_EXACT,True,Verified in NL text: exact literal match found.
178438,3.0,assign_to_interaction_scores | assign_to_interaction_scores | assign_to_interaction_scores | assign_to_interaction_scores | assign_to_interaction_scores | assign_to_interaction_scores | assign_to_interaction_scores | assign_to_interaction_scores | assign_to_interaction_scores | assign_to_interaction_scores | inside_call_model.addConstr,Yes,TEXT_SUPPORTED_EXACT,TEXT_SUPPORTED_EXACT,True,Verified in NL text: exact literal match found.
178438,4.0,assign_to_interaction_scores | assign_to_interaction_scores | assign_to_interaction_scores | assign_to_interaction_scores | assign_to_interaction_scores | assign_to_interaction_scores | assign_to_interaction_scores | assign_to_interaction_scores | assign_to_interaction_scores | assign_to_interaction_scores,Yes,TEXT_SUPPORTED_EXACT,TEXT_SUPPORTED_EXACT,True,Verified in NL text: exact literal match found.
178438,5.0,assign_to_interaction_scores | assign_to_interaction_scores | assign_to_interaction_scores | assign_to_interaction_scores | assign_to_interaction_scores | assign_to_interaction_scores | assign_to_interaction_scores | assign_to_interaction_scores | assign_to_interaction_scores | assign_to_interaction_scores,Yes,TEXT_SUPPORTED_EXACT,TEXT_SUPPORTED_EXACT,True,Verified in NL text: exact literal match found.
178438,25.0,assign_to_interaction_scores | assign_to_interaction_scores | assign_to_interaction_scores | assign_to_interaction_scores | assign_to_interaction_scores | assign_to_interaction_scores,Yes,TEXT_SUPPORTED_EXACT,TEXT_SUPPORTED_EXACT,True,Verified in NL text: exact literal match found.
178438,23.0,assign_to_interaction_scores | assign_to_interaction_scores | assign_to_interaction_scores | assign_to_interaction_scores,Yes,TEXT_SUPPORTED_EXACT,TEXT_SUPPORTED_EXACT,True,Verified in NL text: exact literal match found.
178438,24.0,assign_to_interaction_scores | assign_to_interaction_scores | assign_to_interaction_scores | assign_to_interaction_scores | assign_to_interaction_scores,Yes,TEXT_SUPPORTED_EXACT,TEXT_SUPPORTED_EXACT,True,Verified in NL text: exact literal match found.
178438,20.0,assign_to_interaction_scores | assign_to_interaction_scores | assign_to_interaction_scores | assign_to_interaction_scores | assign_to_interaction_scores | assign_to_interaction_scores | assign_to_interaction_scores | assign_to_interaction_scores,Yes,TEXT_SUPPORTED_EXACT,TEXT_SUPPORTED_EXACT,True,Verified in NL text: exact literal match found.
178438,21.0,assign_to_interaction_scores | assign_to_interaction_scores | assign_to_interaction_scores | assign_to_interaction_scores,Yes,TEXT_SUPPORTED_EXACT,TEXT_SUPPORTED_EXACT,True,Verified in NL text: exact literal match found.
178438,22.0,assign_to_interaction_scores | assign_to_interaction_scores | assign_to_interaction_scores,Yes,TEXT_SUPPORTED_EXACT,TEXT_SUPPORTED_EXACT,True,Verified in NL text: exact literal match found.
178438,6.0,assign_to_x; inside_call_model.addVars | inside_call_range; in_range | assign_to_selected_locations; inside_call_range; in_range; in_comprehension,Yes,TEXT_SUPPORTED_NORMALIZED,TEXT_SUPPORTED_NORMALIZED,True,"Verified in NL text: value matches in normalized format (written word, percentage, or currency)."
178438,0.5,assign_to_selected_locations; in_comprehension; is_x_compare,No,SOLVER_OR_API_CONSTANT,SOLVER_OR_API_CONSTANT,True,"Implementation detail: Gurobi solver parameter, status constant, or comparison threshold (e.g. status == 2 or x > 0.5)."
102576,7.0,assign_to_participants; inside_call_range; in_range | assign_to_preferences | assign_to_preferences,Yes,TEXT_SUPPORTED_EXACT,TEXT_SUPPORTED_EXACT,True,Verified in NL text: exact literal match found.
102576,8.0,assign_to_cars; inside_call_range; in_range,Yes,TEXT_SUPPORTED_EXACT,TEXT_SUPPORTED_EXACT,True,Verified in NL text: exact literal match found.
102576,2.0,assign_to_preferences | assign_to_preferences | assign_to_preferences,Yes,TEXT_SUPPORTED_EXACT,TEXT_SUPPORTED_EXACT,True,Verified in NL text: exact literal match found.
102576,3.0,assign_to_preferences | assign_to_preferences,Yes,TEXT_SUPPORTED_EXACT,TEXT_SUPPORTED_EXACT,True,Verified in NL text: exact literal match found.
102576,4.0,assign_to_preferences | assign_to_preferences | assign_to_preferences | assign_to_preferences,No,ARRAY_OR_DIMENSION_CONSTANT,ARRAY_OR_DIMENSION_CONSTANT,True,"Implementation detail: structural array size or shape parameter (e.g., number of items/facilities)."
102576,5.0,assign_to_preferences | assign_to_preferences | assign_to_preferences,No,ARRAY_OR_DIMENSION_CONSTANT,ARRAY_OR_DIMENSION_CONSTANT,True,"Implementation detail: structural array size or shape parameter (e.g., number of items/facilities)."
102576,6.0,assign_to_preferences | assign_to_preferences | assign_to_preferences | assign_to_preferences,No,ARRAY_OR_DIMENSION_CONSTANT,ARRAY_OR_DIMENSION_CONSTANT,True,"Implementation detail: structural array size or shape parameter (e.g., number of items/facilities)."
102576,0.5,is_x_compare,No,SOLVER_OR_API_CONSTANT,SOLVER_OR_API_CONSTANT,True,"Implementation detail: Gurobi solver parameter, status constant, or comparison threshold (e.g. status == 2 or x > 0.5)."
161317,2.0,assign_to_products | assign_to_periods | assign_to_profit | assign_to_grinder_capacity | assign_to_drill_capacity | assign_to_borer_capacity | assign_to_grinder_time | assign_to_grinder_time | assign_to_drill_time | assign_to_drill_time | assign_to_drill_time | assign_to_borer_time | assign_to_borer_time | assign_to_borer_time | assign_to_sales_limits | assign_to_sales_limits | assign_to_sales_limits | assign_to_sales_limits | assign_to_sales_limits | assign_to_sales_limits | assign_to_sales_limits | assign_to_sales_limits | assign_to_sales_limits,Yes,TEXT_SUPPORTED_EXACT,TEXT_SUPPORTED_EXACT,True,Verified in NL text: exact literal match found.
161317,3.0,assign_to_periods | assign_to_grinder_capacity | assign_to_drill_capacity | assign_to_borer_capacity | assign_to_sales_limits | assign_to_sales_limits | assign_to_sales_limits,Yes,TEXT_SUPPORTED_EXACT,TEXT_SUPPORTED_EXACT,True,Verified in NL text: exact literal match found.
161317,4.0,assign_to_periods | assign_to_grinder_capacity | assign_to_drill_capacity | assign_to_borer_capacity | assign_to_sales_limits | assign_to_sales_limits | assign_to_sales_limits,Yes,TEXT_SUPPORTED_EXACT,TEXT_SUPPORTED_EXACT,True,Verified in NL text: exact literal match found.
161317,5.0,assign_to_periods | assign_to_grinder_capacity | assign_to_drill_capacity | assign_to_borer_capacity | assign_to_sales_limits | assign_to_sales_limits | assign_to_sales_limits | inside_call_model.addConstr; in_index,Yes,TEXT_SUPPORTED_EXACT,TEXT_SUPPORTED_EXACT,True,Verified in NL text: exact literal match found.
161317,213.0,assign_to_profit,Yes,TEXT_SUPPORTED_EXACT,TEXT_SUPPORTED_EXACT,True,Verified in NL text: exact literal match found.
161317,165.0,assign_to_profit,Yes,TEXT_SUPPORTED_EXACT,TEXT_SUPPORTED_EXACT,True,Verified in NL text: exact literal match found.
161317,156.0,assign_to_profit,Yes,TEXT_SUPPORTED_EXACT,TEXT_SUPPORTED_EXACT,True,Verified in NL text: exact literal match found.
161317,15.0,assign_to_holding_cost,Yes,TEXT_SUPPORTED_EXACT,TEXT_SUPPORTED_EXACT,True,Verified in NL text: exact literal match found.
161317,80.0,assign_to_max_inventory,Yes,TEXT_SUPPORTED_EXACT,TEXT_SUPPORTED_EXACT,True,Verified in NL text: exact literal match found.
161317,16.0,assign_to_final_inventory,Yes,TEXT_SUPPORTED_EXACT,TEXT_SUPPORTED_EXACT,True,Verified in NL text: exact literal match found.
161317,240.0,assign_to_grinder_capacity | assign_to_grinder_capacity | assign_to_grinder_capacity | assign_to_grinder_capacity | assign_to_grinder_capacity,Yes,TEXT_SUPPORTED_EXACT,TEXT_SUPPORTED_EXACT,True,Verified in NL text: exact literal match found.
161317,120.0,assign_to_grinder_capacity | assign_to_drill_capacity | assign_to_drill_capacity | assign_to_drill_capacity | assign_to_drill_capacity | assign_to_drill_capacity | assign_to_borer_capacity | assign_to_borer_capacity | assign_to_borer_capacity | assign_to_borer_capacity | assign_to_borer_capacity | assign_to_borer_capacity,Yes,TEXT_SUPPORTED_EXACT,TEXT_SUPPORTED_EXACT,True,Verified in NL text: exact literal match found.
161317,39.0,assign_to_sales_limits,Yes,TEXT_SUPPORTED_EXACT,TEXT_SUPPORTED_EXACT,True,Verified in NL text: exact literal match found.
161317,27.0,assign_to_sales_limits,Yes,TEXT_SUPPORTED_EXACT,TEXT_SUPPORTED_EXACT,True,Verified in NL text: exact literal match found.
161317,40.0,assign_to_sales_limits,Yes,TEXT_SUPPORTED_EXACT,TEXT_SUPPORTED_EXACT,True,Verified in NL text: exact literal match found.
161317,33.0,assign_to_sales_limits | assign_to_sales_limits,Yes,TEXT_SUPPORTED_EXACT,TEXT_SUPPORTED_EXACT,True,Verified in NL text: exact literal match found.
161317,45.0,assign_to_sales_limits,Yes,TEXT_SUPPORTED_EXACT,TEXT_SUPPORTED_EXACT,True,Verified in NL text: exact literal match found.
161317,32.0,assign_to_sales_limits,Yes,TEXT_SUPPORTED_EXACT,TEXT_SUPPORTED_EXACT,True,Verified in NL text: exact literal match found.
161317,28.0,assign_to_sales_limits | assign_to_sales_limits,Yes,TEXT_SUPPORTED_EXACT,TEXT_SUPPORTED_EXACT,True,Verified in NL text: exact literal match found.
161317,37.0,assign_to_sales_limits,Yes,TEXT_SUPPORTED_EXACT,TEXT_SUPPORTED_EXACT,True,Verified in NL text: exact literal match found.
161317,42.0,assign_to_sales_limits,Yes,TEXT_SUPPORTED_EXACT,TEXT_SUPPORTED_EXACT,True,Verified in NL text: exact literal match found.
161317,47.0,assign_to_sales_limits,Yes,TEXT_SUPPORTED_EXACT,TEXT_SUPPORTED_EXACT,True,Verified in NL text: exact literal match found.
161317,25.0,assign_to_sales_limits,Yes,TEXT_SUPPORTED_EXACT,TEXT_SUPPORTED_EXACT,True,Verified in NL text: exact literal match found.
161317,41.0,assign_to_sales_limits,Yes,TEXT_SUPPORTED_EXACT,TEXT_SUPPORTED_EXACT,True,Verified in NL text: exact literal match found.
161317,43.0,assign_to_sales_limits,Yes,TEXT_SUPPORTED_EXACT,TEXT_SUPPORTED_EXACT,True,Verified in NL text: exact literal match found.
161317,44.0,assign_to_sales_limits,Yes,TEXT_SUPPORTED_EXACT,TEXT_SUPPORTED_EXACT,True,Verified in NL text: exact literal match found.
161317,38.0,assign_to_sales_limits,Yes,TEXT_SUPPORTED_EXACT,TEXT_SUPPORTED_EXACT,True,Verified in NL text: exact literal match found.
161317,31.0,assign_to_sales_limits,Yes,TEXT_SUPPORTED_EXACT,TEXT_SUPPORTED_EXACT,True,Verified in NL text: exact literal match found.
161317,6.0,inside_call_range; in_range,Yes,TEXT_SUPPORTED_NORMALIZED,TEXT_SUPPORTED_NORMALIZED,True,"Verified in NL text: value matches in normalized format (written word, percentage, or currency)."
61235,0.6502,assign_to_costs,Yes,TEXT_SUPPORTED_EXACT,TEXT_SUPPORTED_EXACT,True,Verified in NL text: exact literal match found.
61235,0.4518,assign_to_costs,Yes,TEXT_SUPPORTED_EXACT,TEXT_SUPPORTED_EXACT,True,Verified in NL text: exact literal match found.
61235,0.5715,assign_to_costs,Yes,TEXT_SUPPORTED_EXACT,TEXT_SUPPORTED_EXACT,True,Verified in NL text: exact literal match found.
61235,0.4685,assign_to_costs,Yes,TEXT_SUPPORTED_EXACT,TEXT_SUPPORTED_EXACT,True,Verified in NL text: exact literal match found.
61235,0.5801,assign_to_costs,Yes,TEXT_SUPPORTED_EXACT,TEXT_SUPPORTED_EXACT,True,Verified in NL text: exact literal match found.
61235,0.6367,assign_to_costs,Yes,TEXT_SUPPORTED_EXACT,TEXT_SUPPORTED_EXACT,True,Verified in NL text: exact literal match found.
61235,0.4249,assign_to_costs,Yes,TEXT_SUPPORTED_EXACT,TEXT_SUPPORTED_EXACT,True,Verified in NL text: exact literal match found.
61235,0.441,assign_to_costs,Yes,TEXT_SUPPORTED_EXACT,TEXT_SUPPORTED_EXACT,True,Verified in NL text: exact literal match found.
61235,0.5291,assign_to_costs,Yes,TEXT_SUPPORTED_EXACT,TEXT_SUPPORTED_EXACT,True,Verified in NL text: exact literal match found.
61235,0.5527,assign_to_costs,Yes,TEXT_SUPPORTED_EXACT,TEXT_SUPPORTED_EXACT,True,Verified in NL text: exact literal match found.
61235,0.5618,assign_to_costs,Yes,TEXT_SUPPORTED_EXACT,TEXT_SUPPORTED_EXACT,True,Verified in NL text: exact literal match found.
61235,0.4967,assign_to_costs,Yes,TEXT_SUPPORTED_EXACT,TEXT_SUPPORTED_EXACT,True,Verified in NL text: exact literal match found.
61235,0.3656,assign_to_costs,Yes,TEXT_SUPPORTED_EXACT,TEXT_SUPPORTED_EXACT,True,Verified in NL text: exact literal match found.
61235,0.5362,assign_to_costs,Yes,TEXT_SUPPORTED_EXACT,TEXT_SUPPORTED_EXACT,True,Verified in NL text: exact literal match found.
61235,0.5599,assign_to_costs,Yes,TEXT_SUPPORTED_EXACT,TEXT_SUPPORTED_EXACT,True,Verified in NL text: exact literal match found.
61235,0.3728,assign_to_costs,Yes,TEXT_SUPPORTED_EXACT,TEXT_SUPPORTED_EXACT,True,Verified in NL text: exact literal match found.
61235,0.36,assign_to_costs,Yes,TEXT_SUPPORTED_EXACT,TEXT_SUPPORTED_EXACT,True,Verified in NL text: exact literal match found.
61235,0.6856,assign_to_costs,Yes,TEXT_SUPPORTED_EXACT,TEXT_SUPPORTED_EXACT,True,Verified in NL text: exact literal match found.
61235,0.6299,assign_to_costs,Yes,TEXT_SUPPORTED_EXACT,TEXT_SUPPORTED_EXACT,True,Verified in NL text: exact literal match found.
61235,0.48,assign_to_costs,Yes,TEXT_SUPPORTED_EXACT,TEXT_SUPPORTED_EXACT,True,Verified in NL text: exact literal match found.
61235,4.0,assign_to_x; inside_call_model.addVars | inside_call_range; in_range | inside_call_range; in_range | inside_call_range; in_range | inside_call_range; in_range | inside_call_model.addConstr; in_index | inside_call_model.addConstr; in_index | inside_call_range; in_range,Yes,TEXT_SUPPORTED_EXACT,TEXT_SUPPORTED_EXACT,True,Verified in NL text: exact literal match found.
61235,5.0,assign_to_x; inside_call_model.addVars | inside_call_range; in_range | inside_call_range; in_range | inside_call_range; in_range | inside_call_range; in_range | inside_call_range; in_range,Yes,TEXT_SUPPORTED_EXACT,TEXT_SUPPORTED_EXACT,True,Verified in NL text: exact literal match found.
61235,2.0,inside_call_model.addConstr | inside_call_model.addConstr; in_index | inside_call_model.addConstr; in_index | inside_call_model.addConstr; in_index | inside_call_model.addConstr; in_index | inside_call_model.addConstr; in_index | inside_call_model.addConstr; in_index | inside_call_model.addConstr; in_index | inside_call_model.addConstr; in_index | inside_call_model.addConstr; in_index | inside_call_model.addConstr; in_index | inside_call_model.addConstr; in_index | inside_call_model.addConstr; in_index,Yes,TEXT_SUPPORTED_EXACT,TEXT_SUPPORTED_EXACT,True,Verified in NL text: exact literal match found.
61235,3.0,inside_call_model.addConstr; in_index | inside_call_model.addConstr; in_index,Yes,TEXT_SUPPORTED_EXACT,TEXT_SUPPORTED_EXACT,True,Verified in NL text: exact literal match found.
61235,0.5,none,No,IMPLEMENTATION_ONLY,IMPLEMENTATION_ONLY,True,"Implementation detail: helper constant (e.g., large penalty coefficient / big-M) introduced by the code generator."
181583,2.0,assign_to_aircraft_types | assign_to_routes | assign_to_cost | assign_to_cost | assign_to_cost | assign_to_cost | assign_to_cost | assign_to_cost | assign_to_cost | assign_to_cost | assign_to_cost | assign_to_cost | assign_to_cost | assign_to_cost | assign_to_cost | assign_to_capability | assign_to_capability | assign_to_capability | assign_to_capability | assign_to_capability | assign_to_capability | assign_to_capability | assign_to_capability | assign_to_capability | assign_to_capability | assign_to_capability | assign_to_capability | assign_to_capability | assign_to_demand | assign_to_availability,Yes,TEXT_SUPPORTED_EXACT,TEXT_SUPPORTED_EXACT,True,Verified in NL text: exact literal match found.
181583,3.0,assign_to_aircraft_types | assign_to_routes | assign_to_cost | assign_to_cost | assign_to_cost | assign_to_cost | assign_to_cost | assign_to_cost | assign_to_cost | assign_to_cost | assign_to_cost | assign_to_cost | assign_to_cost | assign_to_cost | assign_to_cost | assign_to_capability | assign_to_capability | assign_to_capability | assign_to_capability | assign_to_capability | assign_to_capability | assign_to_capability | assign_to_capability | assign_to_capability | assign_to_capability | assign_to_capability | assign_to_capability | assign_to_capability | assign_to_demand | assign_to_availability,Yes,TEXT_SUPPORTED_EXACT,TEXT_SUPPORTED_EXACT,True,Verified in NL text: exact literal match found.
181583,4.0,assign_to_aircraft_types | assign_to_routes | assign_to_cost | assign_to_cost | assign_to_cost | assign_to_cost | assign_to_cost | assign_to_cost | assign_to_cost | assign_to_cost | assign_to_cost | assign_to_cost | assign_to_cost | assign_to_cost | assign_to_cost | assign_to_capability | assign_to_capability | assign_to_capability | assign_to_capability | assign_to_capability | assign_to_capability | assign_to_capability | assign_to_capability | assign_to_capability | assign_to_capability | assign_to_capability | assign_to_capability | assign_to_capability | assign_to_demand | assign_to_availability | assign_to_availability | assign_to_availability | assign_to_availability,Yes,TEXT_SUPPORTED_EXACT,TEXT_SUPPORTED_EXACT,True,Verified in NL text: exact literal match found.
181583,5.0,assign_to_aircraft_types | assign_to_routes | assign_to_cost | assign_to_cost | assign_to_cost | assign_to_cost | assign_to_cost | assign_to_cost | assign_to_cost | assign_to_cost | assign_to_cost | assign_to_cost | assign_to_cost | assign_to_cost | assign_to_cost | assign_to_capability | assign_to_capability | assign_to_capability | assign_to_capability | assign_to_capability | assign_to_capability | assign_to_capability | assign_to_capability | assign_to_capability | assign_to_capability | assign_to_capability | assign_to_capability | assign_to_capability | assign_to_demand | assign_to_availability | assign_to_availability | assign_to_availability | assign_to_availability | assign_to_availability,Yes,TEXT_SUPPORTED_EXACT,TEXT_SUPPORTED_EXACT,True,Verified in NL text: exact literal match found.
181583,6.0,assign_to_aircraft_types | assign_to_cost | assign_to_cost | assign_to_cost | assign_to_cost | assign_to_cost | assign_to_cost | assign_to_capability | assign_to_capability | assign_to_capability | assign_to_capability | assign_to_capability | assign_to_capability | assign_to_availability,Yes,TEXT_SUPPORTED_EXACT,TEXT_SUPPORTED_EXACT,True,Verified in NL text: exact literal match found.
181583,3654.0,assign_to_cost,Yes,TEXT_SUPPORTED_EXACT,TEXT_SUPPORTED_EXACT,True,Verified in NL text: exact literal match found.
181583,3752.0,assign_to_cost,Yes,TEXT_SUPPORTED_EXACT,TEXT_SUPPORTED_EXACT,True,Verified in NL text: exact literal match found.
181583,3800.0,assign_to_cost,No,IMPLEMENTATION_ONLY,IMPLEMENTATION_ONLY,True,"Implementation detail: helper constant (e.g., large penalty coefficient / big-M) introduced by the code generator."
181583,3700.0,assign_to_cost,No,IMPLEMENTATION_ONLY,IMPLEMENTATION_ONLY,True,"Implementation detail: helper constant (e.g., large penalty coefficient / big-M) introduced by the code generator."
181583,3600.0,assign_to_cost,No,IMPLEMENTATION_ONLY,IMPLEMENTATION_ONLY,True,"Implementation detail: helper constant (e.g., large penalty coefficient / big-M) introduced by the code generator."
181583,3550.0,assign_to_cost,No,IMPLEMENTATION_ONLY,IMPLEMENTATION_ONLY,True,"Implementation detail: helper constant (e.g., large penalty coefficient / big-M) introduced by the code generator."
181583,3400.0,assign_to_cost,No,IMPLEMENTATION_ONLY,IMPLEMENTATION_ONLY,True,"Implementation detail: helper constant (e.g., large penalty coefficient / big-M) introduced by the code generator."
181583,3500.0,assign_to_cost,No,IMPLEMENTATION_ONLY,IMPLEMENTATION_ONLY,True,"Implementation detail: helper constant (e.g., large penalty coefficient / big-M) introduced by the code generator."
181583,3450.0,assign_to_cost,No,IMPLEMENTATION_ONLY,IMPLEMENTATION_ONLY,True,"Implementation detail: helper constant (e.g., large penalty coefficient / big-M) introduced by the code generator."
181583,3350.0,assign_to_cost,No,IMPLEMENTATION_ONLY,IMPLEMENTATION_ONLY,True,"Implementation detail: helper constant (e.g., large penalty coefficient / big-M) introduced by the code generator."
181583,3300.0,assign_to_cost | assign_to_cost,No,IMPLEMENTATION_ONLY,IMPLEMENTATION_ONLY,True,"Implementation detail: helper constant (e.g., large penalty coefficient / big-M) introduced by the code generator."
181583,3250.0,assign_to_cost | assign_to_cost,No,IMPLEMENTATION_ONLY,IMPLEMENTATION_ONLY,True,"Implementation detail: helper constant (e.g., large penalty coefficient / big-M) introduced by the code generator."
181583,3200.0,assign_to_cost,No,IMPLEMENTATION_ONLY,IMPLEMENTATION_ONLY,True,"Implementation detail: helper constant (e.g., large penalty coefficient / big-M) introduced by the code generator."
181583,3150.0,assign_to_cost,No,IMPLEMENTATION_ONLY,IMPLEMENTATION_ONLY,True,"Implementation detail: helper constant (e.g., large penalty coefficient / big-M) introduced by the code generator."
181583,3100.0,assign_to_cost | assign_to_cost,No,IMPLEMENTATION_ONLY,IMPLEMENTATION_ONLY,True,"Implementation detail: helper constant (e.g., large penalty coefficient / big-M) introduced by the code generator."
181583,3050.0,assign_to_cost | assign_to_cost,No,IMPLEMENTATION_ONLY,IMPLEMENTATION_ONLY,True,"Implementation detail: helper constant (e.g., large penalty coefficient / big-M) introduced by the code generator."
181583,3000.0,assign_to_cost,No,IMPLEMENTATION_ONLY,IMPLEMENTATION_ONLY,True,"Implementation detail: helper constant (e.g., large penalty coefficient / big-M) introduced by the code generator."
181583,2950.0,assign_to_cost,No,IMPLEMENTATION_ONLY,IMPLEMENTATION_ONLY,True,"Implementation detail: helper constant (e.g., large penalty coefficient / big-M) introduced by the code generator."
181583,2900.0,assign_to_cost | assign_to_cost,No,IMPLEMENTATION_ONLY,IMPLEMENTATION_ONLY,True,"Implementation detail: helper constant (e.g., large penalty coefficient / big-M) introduced by the code generator."
181583,2850.0,assign_to_cost | assign_to_cost,No,IMPLEMENTATION_ONLY,IMPLEMENTATION_ONLY,True,"Implementation detail: helper constant (e.g., large penalty coefficient / big-M) introduced by the code generator."
181583,2800.0,assign_to_cost,No,IMPLEMENTATION_ONLY,IMPLEMENTATION_ONLY,True,"Implementation detail: helper constant (e.g., large penalty coefficient / big-M) introduced by the code generator."
181583,2750.0,assign_to_cost,No,IMPLEMENTATION_ONLY,IMPLEMENTATION_ONLY,True,"Implementation detail: helper constant (e.g., large penalty coefficient / big-M) introduced by the code generator."
181583,2700.0,assign_to_cost | assign_to_cost,No,IMPLEMENTATION_ONLY,IMPLEMENTATION_ONLY,True,"Implementation detail: helper constant (e.g., large penalty coefficient / big-M) introduced by the code generator."
181583,2650.0,assign_to_cost | assign_to_cost,No,IMPLEMENTATION_ONLY,IMPLEMENTATION_ONLY,True,"Implementation detail: helper constant (e.g., large penalty coefficient / big-M) introduced by the code generator."
181583,2600.0,assign_to_cost,No,IMPLEMENTATION_ONLY,IMPLEMENTATION_ONLY,True,"Implementation detail: helper constant (e.g., large penalty coefficient / big-M) introduced by the code generator."
181583,2550.0,assign_to_cost,No,IMPLEMENTATION_ONLY,IMPLEMENTATION_ONLY,True,"Implementation detail: helper constant (e.g., large penalty coefficient / big-M) introduced by the code generator."
181583,2500.0,assign_to_cost | assign_to_cost,No,IMPLEMENTATION_ONLY,IMPLEMENTATION_ONLY,True,"Implementation detail: helper constant (e.g., large penalty coefficient / big-M) introduced by the code generator."
181583,2450.0,assign_to_cost | assign_to_cost,No,IMPLEMENTATION_ONLY,IMPLEMENTATION_ONLY,True,"Implementation detail: helper constant (e.g., large penalty coefficient / big-M) introduced by the code generator."
181583,2400.0,assign_to_cost,No,IMPLEMENTATION_ONLY,IMPLEMENTATION_ONLY,True,"Implementation detail: helper constant (e.g., large penalty coefficient / big-M) introduced by the code generator."
181583,2350.0,assign_to_cost,No,IMPLEMENTATION_ONLY,IMPLEMENTATION_ONLY,True,"Implementation detail: helper constant (e.g., large penalty coefficient / big-M) introduced by the code generator."
181583,2300.0,assign_to_cost,No,IMPLEMENTATION_ONLY,IMPLEMENTATION_ONLY,True,"Implementation detail: helper constant (e.g., large penalty coefficient / big-M) introduced by the code generator."
181583,3445.0,assign_to_cost,Yes,TEXT_SUPPORTED_EXACT,TEXT_SUPPORTED_EXACT,True,Verified in NL text: exact literal match found.
181583,110.0,assign_to_capability,Yes,TEXT_SUPPORTED_EXACT,TEXT_SUPPORTED_EXACT,True,Verified in NL text: exact literal match found.
181583,108.0,assign_to_capability,Yes,TEXT_SUPPORTED_EXACT,TEXT_SUPPORTED_EXACT,True,Verified in NL text: exact literal match found.
181583,105.0,assign_to_capability | assign_to_capability,No,IMPLEMENTATION_ONLY,IMPLEMENTATION_ONLY,True,"Implementation detail: helper constant (e.g., large penalty coefficient / big-M) introduced by the code generator."
181583,100.0,assign_to_capability | assign_to_capability | assign_to_capability,No,IMPLEMENTATION_ONLY,IMPLEMENTATION_ONLY,True,"Implementation detail: helper constant (e.g., large penalty coefficient / big-M) introduced by the code generator."
181583,95.0,assign_to_capability | assign_to_capability | assign_to_capability,No,ARRAY_OR_DIMENSION_CONSTANT,ARRAY_OR_DIMENSION_CONSTANT,True,"Implementation detail: structural array size or shape parameter (e.g., number of items/facilities)."
181583,90.0,assign_to_capability | assign_to_capability | assign_to_capability | assign_to_capability,No,ARRAY_OR_DIMENSION_CONSTANT,ARRAY_OR_DIMENSION_CONSTANT,True,"Implementation detail: structural array size or shape parameter (e.g., number of items/facilities)."
181583,98.0,assign_to_capability,No,ARRAY_OR_DIMENSION_CONSTANT,ARRAY_OR_DIMENSION_CONSTANT,True,"Implementation detail: structural array size or shape parameter (e.g., number of items/facilities)."
181583,85.0,assign_to_capability | assign_to_capability,No,ARRAY_OR_DIMENSION_CONSTANT,ARRAY_OR_DIMENSION_CONSTANT,True,"Implementation detail: structural array size or shape parameter (e.g., number of items/facilities)."
181583,80.0,assign_to_capability | assign_to_capability | assign_to_capability,No,ARRAY_OR_DIMENSION_CONSTANT,ARRAY_OR_DIMENSION_CONSTANT,True,"Implementation detail: structural array size or shape parameter (e.g., number of items/facilities)."
181583,88.0,assign_to_capability,No,ARRAY_OR_DIMENSION_CONSTANT,ARRAY_OR_DIMENSION_CONSTANT,True,"Implementation detail: structural array size or shape parameter (e.g., number of items/facilities)."
181583,75.0,assign_to_capability | assign_to_capability,No,ARRAY_OR_DIMENSION_CONSTANT,ARRAY_OR_DIMENSION_CONSTANT,True,"Implementation detail: structural array size or shape parameter (e.g., number of items/facilities)."
181583,70.0,assign_to_capability | assign_to_capability | assign_to_capability,No,ARRAY_OR_DIMENSION_CONSTANT,ARRAY_OR_DIMENSION_CONSTANT,True,"Implementation detail: structural array size or shape parameter (e.g., number of items/facilities)."
181583,78.0,assign_to_capability,No,ARRAY_OR_DIMENSION_CONSTANT,ARRAY_OR_DIMENSION_CONSTANT,True,"Implementation detail: structural array size or shape parameter (e.g., number of items/facilities)."
181583,65.0,assign_to_capability | assign_to_capability,No,ARRAY_OR_DIMENSION_CONSTANT,ARRAY_OR_DIMENSION_CONSTANT,True,"Implementation detail: structural array size or shape parameter (e.g., number of items/facilities)."
181583,60.0,assign_to_capability | assign_to_capability | assign_to_capability,No,ARRAY_OR_DIMENSION_CONSTANT,ARRAY_OR_DIMENSION_CONSTANT,True,"Implementation detail: structural array size or shape parameter (e.g., number of items/facilities)."
181583,68.0,assign_to_capability,No,ARRAY_OR_DIMENSION_CONSTANT,ARRAY_OR_DIMENSION_CONSTANT,True,"Implementation detail: structural array size or shape parameter (e.g., number of items/facilities)."
181583,55.0,assign_to_capability | assign_to_capability,No,ARRAY_OR_DIMENSION_CONSTANT,ARRAY_OR_DIMENSION_CONSTANT,True,"Implementation detail: structural array size or shape parameter (e.g., number of items/facilities)."
181583,50.0,assign_to_capability | assign_to_capability,No,ARRAY_OR_DIMENSION_CONSTANT,ARRAY_OR_DIMENSION_CONSTANT,True,"Implementation detail: structural array size or shape parameter (e.g., number of items/facilities)."
181583,58.0,assign_to_capability,No,ARRAY_OR_DIMENSION_CONSTANT,ARRAY_OR_DIMENSION_CONSTANT,True,"Implementation detail: structural array size or shape parameter (e.g., number of items/facilities)."
181583,45.0,assign_to_capability,No,ARRAY_OR_DIMENSION_CONSTANT,ARRAY_OR_DIMENSION_CONSTANT,True,"Implementation detail: structural array size or shape parameter (e.g., number of items/facilities)."
181583,40.0,assign_to_capability,No,ARRAY_OR_DIMENSION_CONSTANT,ARRAY_OR_DIMENSION_CONSTANT,True,"Implementation detail: structural array size or shape parameter (e.g., number of items/facilities)."
181583,92.0,assign_to_capability,Yes,TEXT_SUPPORTED_EXACT,TEXT_SUPPORTED_EXACT,True,Verified in NL text: exact literal match found.
181583,111.0,assign_to_capability,Yes,TEXT_SUPPORTED_EXACT,TEXT_SUPPORTED_EXACT,True,Verified in NL text: exact literal match found.
181583,243.0,assign_to_demand,Yes,TEXT_SUPPORTED_EXACT,TEXT_SUPPORTED_EXACT,True,Verified in NL text: exact literal match found.
181583,281.0,assign_to_demand,Yes,TEXT_SUPPORTED_EXACT,TEXT_SUPPORTED_EXACT,True,Verified in NL text: exact literal match found.
181583,285.0,assign_to_demand | assign_to_demand,Yes,TEXT_SUPPORTED_EXACT,TEXT_SUPPORTED_EXACT,True,Verified in NL text: exact literal match found.
181583,200.0,assign_to_demand,Yes,TEXT_SUPPORTED_EXACT,TEXT_SUPPORTED_EXACT,True,Verified in NL text: exact literal match found.
181583,227.0,assign_to_demand,Yes,TEXT_SUPPORTED_EXACT,TEXT_SUPPORTED_EXACT,True,Verified in NL text: exact literal match found.
26611,6.0,assign_to_assets; inside_call_range; in_range; in_comprehension | assign_to_assets; inside_call_range; in_range; in_comprehension,Yes,TEXT_SUPPORTED_NORMALIZED,TEXT_SUPPORTED_NORMALIZED,True,"Verified in NL text: value matches in normalized format (written word, percentage, or currency)."
26611,0.1177,assign_to_expected_returns | assign_to_expected_returns,Yes,TEXT_SUPPORTED_NORMALIZED,TEXT_SUPPORTED_NORMALIZED,True,"Verified in NL text: value matches in normalized format (written word, percentage, or currency)."
26611,0.0971,assign_to_expected_returns | assign_to_expected_returns,Yes,TEXT_SUPPORTED_NORMALIZED,TEXT_SUPPORTED_NORMALIZED,True,"Verified in NL text: value matches in normalized format (written word, percentage, or currency)."
26611,0.1286,assign_to_expected_returns | assign_to_expected_returns,Yes,TEXT_SUPPORTED_NORMALIZED,TEXT_SUPPORTED_NORMALIZED,True,"Verified in NL text: value matches in normalized format (written word, percentage, or currency)."
26611,0.1449,assign_to_expected_returns | assign_to_expected_returns,Yes,TEXT_SUPPORTED_NORMALIZED,TEXT_SUPPORTED_NORMALIZED,True,"Verified in NL text: value matches in normalized format (written word, percentage, or currency)."
26611,0.1443,assign_to_expected_returns | assign_to_expected_returns,Yes,TEXT_SUPPORTED_NORMALIZED,TEXT_SUPPORTED_NORMALIZED,True,"Verified in NL text: value matches in normalized format (written word, percentage, or currency)."
26611,0.1159,assign_to_expected_returns | assign_to_expected_returns,Yes,TEXT_SUPPORTED_NORMALIZED,TEXT_SUPPORTED_NORMALIZED,True,"Verified in NL text: value matches in normalized format (written word, percentage, or currency)."
26611,0.0204,assign_to_covariance_matrix | assign_to_covariance_matrix,Yes,TEXT_SUPPORTED_EXACT,TEXT_SUPPORTED_EXACT,True,Verified in NL text: exact literal match found.
26611,0.0259,assign_to_covariance_matrix | assign_to_covariance_matrix | assign_to_covariance_matrix | assign_to_covariance_matrix,Yes,TEXT_SUPPORTED_EXACT,TEXT_SUPPORTED_EXACT,True,Verified in NL text: exact literal match found.
26611,0.0528,assign_to_covariance_matrix | assign_to_covariance_matrix | assign_to_covariance_matrix | assign_to_covariance_matrix,Yes,TEXT_SUPPORTED_EXACT,TEXT_SUPPORTED_EXACT,True,Verified in NL text: exact literal match found.
26611,0.0281,assign_to_covariance_matrix | assign_to_covariance_matrix | assign_to_covariance_matrix | assign_to_covariance_matrix,Yes,TEXT_SUPPORTED_EXACT,TEXT_SUPPORTED_EXACT,True,Verified in NL text: exact literal match found.
26611,-0.0108,assign_to_covariance_matrix | assign_to_covariance_matrix | assign_to_covariance_matrix | assign_to_covariance_matrix,Yes,TEXT_SUPPORTED_DERIVED,TEXT_SUPPORTED_DERIVED,True,Verified in NL text: value derived deterministically (e.g. negated objective coefficient or multiplier).
26611,0.0226,assign_to_covariance_matrix | assign_to_covariance_matrix | assign_to_covariance_matrix | assign_to_covariance_matrix,Yes,TEXT_SUPPORTED_EXACT,TEXT_SUPPORTED_EXACT,True,Verified in NL text: exact literal match found.
26611,0.0187,assign_to_covariance_matrix | assign_to_covariance_matrix,No,IMPLEMENTATION_ONLY,IMPLEMENTATION_ONLY,True,"Implementation detail: helper constant (e.g., large penalty coefficient / big-M) introduced by the code generator."
26611,0.0392,assign_to_covariance_matrix | assign_to_covariance_matrix | assign_to_covariance_matrix | assign_to_covariance_matrix,Yes,TEXT_SUPPORTED_EXACT,TEXT_SUPPORTED_EXACT,True,Verified in NL text: exact literal match found.
26611,0.0218,assign_to_covariance_matrix | assign_to_covariance_matrix | assign_to_covariance_matrix | assign_to_covariance_matrix,No,IMPLEMENTATION_ONLY,IMPLEMENTATION_ONLY,True,"Implementation detail: helper constant (e.g., large penalty coefficient / big-M) introduced by the code generator."
26611,-0.0089,assign_to_covariance_matrix | assign_to_covariance_matrix | assign_to_covariance_matrix | assign_to_covariance_matrix,No,IMPLEMENTATION_ONLY,IMPLEMENTATION_ONLY,True,"Implementation detail: helper constant (e.g., large penalty coefficient / big-M) introduced by the code generator."
26611,0.0201,assign_to_covariance_matrix | assign_to_covariance_matrix | assign_to_covariance_matrix | assign_to_covariance_matrix,No,IMPLEMENTATION_ONLY,IMPLEMENTATION_ONLY,True,"Implementation detail: helper constant (e.g., large penalty coefficient / big-M) introduced by the code generator."
26611,0.0841,assign_to_covariance_matrix | assign_to_covariance_matrix,Yes,TEXT_SUPPORTED_EXACT,TEXT_SUPPORTED_EXACT,True,Verified in NL text: exact literal match found.
26611,0.0447,assign_to_covariance_matrix | assign_to_covariance_matrix | assign_to_covariance_matrix | assign_to_covariance_matrix,Yes,TEXT_SUPPORTED_EXACT,TEXT_SUPPORTED_EXACT,True,Verified in NL text: exact literal match found.
26611,-0.0172,assign_to_covariance_matrix | assign_to_covariance_matrix | assign_to_covariance_matrix | assign_to_covariance_matrix,No,IMPLEMENTATION_ONLY,IMPLEMENTATION_ONLY,True,"Implementation detail: helper constant (e.g., large penalty coefficient / big-M) introduced by the code generator."
26611,0.0376,assign_to_covariance_matrix | assign_to_covariance_matrix | assign_to_covariance_matrix | assign_to_covariance_matrix,Yes,TEXT_SUPPORTED_EXACT,TEXT_SUPPORTED_EXACT,True,Verified in NL text: exact literal match found.
26611,0.0243,assign_to_covariance_matrix | assign_to_covariance_matrix,No,IMPLEMENTATION_ONLY,IMPLEMENTATION_ONLY,True,"Implementation detail: helper constant (e.g., large penalty coefficient / big-M) introduced by the code generator."
26611,-0.0094,assign_to_covariance_matrix | assign_to_covariance_matrix | assign_to_covariance_matrix | assign_to_covariance_matrix,No,IMPLEMENTATION_ONLY,IMPLEMENTATION_ONLY,True,"Implementation detail: helper constant (e.g., large penalty coefficient / big-M) introduced by the code generator."
26611,0.0232,assign_to_covariance_matrix | assign_to_covariance_matrix | assign_to_covariance_matrix | assign_to_covariance_matrix,No,IMPLEMENTATION_ONLY,IMPLEMENTATION_ONLY,True,"Implementation detail: helper constant (e.g., large penalty coefficient / big-M) introduced by the code generator."
26611,0.0036,assign_to_covariance_matrix | assign_to_covariance_matrix,No,IMPLEMENTATION_ONLY,IMPLEMENTATION_ONLY,True,"Implementation detail: helper constant (e.g., large penalty coefficient / big-M) introduced by the code generator."
26611,-0.0084,assign_to_covariance_matrix | assign_to_covariance_matrix | assign_to_covariance_matrix | assign_to_covariance_matrix,No,IMPLEMENTATION_ONLY,IMPLEMENTATION_ONLY,True,"Implementation detail: helper constant (e.g., large penalty coefficient / big-M) introduced by the code generator."
26611,0.0198,assign_to_covariance_matrix | assign_to_covariance_matrix,No,IMPLEMENTATION_ONLY,IMPLEMENTATION_ONLY,True,"Implementation detail: helper constant (e.g., large penalty coefficient / big-M) introduced by the code generator."
26611,0.3,assign_to_allocations; inside_call_model.addVars | assign_to_allocations; inside_call_model.addVars,Yes,TEXT_SUPPORTED_NORMALIZED,TEXT_SUPPORTED_NORMALIZED,True,"Verified in NL text: value matches in normalized format (written word, percentage, or currency)."
26611,0.1,inside_call_model.addConstr | inside_call_model.addConstr,Yes,TEXT_SUPPORTED_NORMALIZED,TEXT_SUPPORTED_NORMALIZED,True,"Verified in NL text: value matches in normalized format (written word, percentage, or currency)."
26611,100.0,inside_call_print | inside_call_print,Yes,TEXT_SUPPORTED_EXACT,TEXT_SUPPORTED_EXACT,True,Verified in NL text: exact literal match found.
113027,234.0,assign_to_values,Yes,TEXT_SUPPORTED_EXACT,TEXT_SUPPORTED_EXACT,True,Verified in NL text: exact literal match found.
113027,302.0,assign_to_values,Yes,TEXT_SUPPORTED_EXACT,TEXT_SUPPORTED_EXACT,True,Verified in NL text: exact literal match found.
113027,242.0,assign_to_values,Yes,TEXT_SUPPORTED_EXACT,TEXT_SUPPORTED_EXACT,True,Verified in NL text: exact literal match found.
113027,264.0,assign_to_values | assign_to_values,Yes,TEXT_SUPPORTED_EXACT,TEXT_SUPPORTED_EXACT,True,Verified in NL text: exact literal match found.
113027,321.0,assign_to_values,Yes,TEXT_SUPPORTED_EXACT,TEXT_SUPPORTED_EXACT,True,Verified in NL text: exact literal match found.
113027,231.0,assign_to_values,Yes,TEXT_SUPPORTED_EXACT,TEXT_SUPPORTED_EXACT,True,Verified in NL text: exact literal match found.
113027,256.0,assign_to_values,Yes,TEXT_SUPPORTED_EXACT,TEXT_SUPPORTED_EXACT,True,Verified in NL text: exact literal match found.
113027,343.0,assign_to_values | assign_to_values,Yes,TEXT_SUPPORTED_EXACT,TEXT_SUPPORTED_EXACT,True,Verified in NL text: exact literal match found.
113027,170.0,assign_to_values,Yes,TEXT_SUPPORTED_EXACT,TEXT_SUPPORTED_EXACT,True,Verified in NL text: exact literal match found.
113027,311.0,assign_to_values,Yes,TEXT_SUPPORTED_EXACT,TEXT_SUPPORTED_EXACT,True,Verified in NL text: exact literal match found.
113027,194.0,assign_to_values,Yes,TEXT_SUPPORTED_EXACT,TEXT_SUPPORTED_EXACT,True,Verified in NL text: exact literal match found.
113027,201.0,assign_to_values,Yes,TEXT_SUPPORTED_EXACT,TEXT_SUPPORTED_EXACT,True,Verified in NL text: exact literal match found.
113027,224.0,assign_to_values,Yes,TEXT_SUPPORTED_EXACT,TEXT_SUPPORTED_EXACT,True,Verified in NL text: exact literal match found.
113027,160.0,assign_to_values,Yes,TEXT_SUPPORTED_EXACT,TEXT_SUPPORTED_EXACT,True,Verified in NL text: exact literal match found.
113027,320.0,assign_to_values,Yes,TEXT_SUPPORTED_EXACT,TEXT_SUPPORTED_EXACT,True,Verified in NL text: exact literal match found.
113027,263.0,assign_to_values,Yes,TEXT_SUPPORTED_EXACT,TEXT_SUPPORTED_EXACT,True,Verified in NL text: exact literal match found.
113027,333.0,assign_to_values,Yes,TEXT_SUPPORTED_EXACT,TEXT_SUPPORTED_EXACT,True,Verified in NL text: exact literal match found.
113027,180.0,assign_to_values,Yes,TEXT_SUPPORTED_EXACT,TEXT_SUPPORTED_EXACT,True,Verified in NL text: exact literal match found.
113027,221.0,assign_to_values,Yes,TEXT_SUPPORTED_EXACT,TEXT_SUPPORTED_EXACT,True,Verified in NL text: exact literal match found.
113027,168.0,assign_to_values,Yes,TEXT_SUPPORTED_EXACT,TEXT_SUPPORTED_EXACT,True,Verified in NL text: exact literal match found.
113027,335.0,assign_to_values,Yes,TEXT_SUPPORTED_EXACT,TEXT_SUPPORTED_EXACT,True,Verified in NL text: exact literal match found.
113027,262.0,assign_to_values,Yes,TEXT_SUPPORTED_EXACT,TEXT_SUPPORTED_EXACT,True,Verified in NL text: exact literal match found.
113027,255.0,assign_to_values,Yes,TEXT_SUPPORTED_EXACT,TEXT_SUPPORTED_EXACT,True,Verified in NL text: exact literal match found.
113027,189.0,assign_to_values,Yes,TEXT_SUPPORTED_EXACT,TEXT_SUPPORTED_EXACT,True,Verified in NL text: exact literal match found.
113027,323.0,assign_to_values,Yes,TEXT_SUPPORTED_EXACT,TEXT_SUPPORTED_EXACT,True,Verified in NL text: exact literal match found.
113027,296.0,assign_to_values,Yes,TEXT_SUPPORTED_EXACT,TEXT_SUPPORTED_EXACT,True,Verified in NL text: exact literal match found.
113027,309.0,assign_to_values,Yes,TEXT_SUPPORTED_EXACT,TEXT_SUPPORTED_EXACT,True,Verified in NL text: exact literal match found.
113027,312.0,assign_to_values,Yes,TEXT_SUPPORTED_EXACT,TEXT_SUPPORTED_EXACT,True,Verified in NL text: exact literal match found.
113027,347.0,assign_to_values,Yes,TEXT_SUPPORTED_EXACT,TEXT_SUPPORTED_EXACT,True,Verified in NL text: exact literal match found.
113027,31.0,assign_to_weights | assign_to_weights,Yes,TEXT_SUPPORTED_EXACT,TEXT_SUPPORTED_EXACT,True,Verified in NL text: exact literal match found.
113027,45.0,assign_to_weights,Yes,TEXT_SUPPORTED_EXACT,TEXT_SUPPORTED_EXACT,True,Verified in NL text: exact literal match found.
113027,33.0,assign_to_weights | assign_to_weights,Yes,TEXT_SUPPORTED_EXACT,TEXT_SUPPORTED_EXACT,True,Verified in NL text: exact literal match found.
113027,52.0,assign_to_weights | assign_to_weights,Yes,TEXT_SUPPORTED_EXACT,TEXT_SUPPORTED_EXACT,True,Verified in NL text: exact literal match found.
113027,34.0,assign_to_weights | assign_to_weights | assign_to_weights,Yes,TEXT_SUPPORTED_EXACT,TEXT_SUPPORTED_EXACT,True,Verified in NL text: exact literal match found.
113027,53.0,assign_to_weights,Yes,TEXT_SUPPORTED_EXACT,TEXT_SUPPORTED_EXACT,True,Verified in NL text: exact literal match found.
113027,37.0,assign_to_weights | assign_to_weights,Yes,TEXT_SUPPORTED_EXACT,TEXT_SUPPORTED_EXACT,True,Verified in NL text: exact literal match found.
113027,47.0,assign_to_weights | assign_to_weights,Yes,TEXT_SUPPORTED_EXACT,TEXT_SUPPORTED_EXACT,True,Verified in NL text: exact literal match found.
113027,50.0,assign_to_weights | assign_to_weights | assign_to_weights,Yes,TEXT_SUPPORTED_EXACT,TEXT_SUPPORTED_EXACT,True,Verified in NL text: exact literal match found.
113027,46.0,assign_to_weights,Yes,TEXT_SUPPORTED_EXACT,TEXT_SUPPORTED_EXACT,True,Verified in NL text: exact literal match found.
113027,54.0,assign_to_weights,Yes,TEXT_SUPPORTED_EXACT,TEXT_SUPPORTED_EXACT,True,Verified in NL text: exact literal match found.
113027,49.0,assign_to_weights | assign_to_weights | assign_to_weights,Yes,TEXT_SUPPORTED_EXACT,TEXT_SUPPORTED_EXACT,True,Verified in NL text: exact literal match found.
113027,26.0,assign_to_weights,Yes,TEXT_SUPPORTED_EXACT,TEXT_SUPPORTED_EXACT,True,Verified in NL text: exact literal match found.
113027,30.0,assign_to_weights | assign_to_weights | assign_to_weights,Yes,TEXT_SUPPORTED_EXACT,TEXT_SUPPORTED_EXACT,True,Verified in NL text: exact literal match found.
113027,35.0,assign_to_weights,Yes,TEXT_SUPPORTED_EXACT,TEXT_SUPPORTED_EXACT,True,Verified in NL text: exact literal match found.
113027,51.0,assign_to_weights,Yes,TEXT_SUPPORTED_EXACT,TEXT_SUPPORTED_EXACT,True,Verified in NL text: exact literal match found.
113027,39.0,assign_to_weights,Yes,TEXT_SUPPORTED_EXACT,TEXT_SUPPORTED_EXACT,True,Verified in NL text: exact literal match found.
113027,42.0,assign_to_weights,Yes,TEXT_SUPPORTED_EXACT,TEXT_SUPPORTED_EXACT,True,Verified in NL text: exact literal match found.
113027,832.0,assign_to_W,Yes,TEXT_SUPPORTED_EXACT,TEXT_SUPPORTED_EXACT,True,Verified in NL text: exact literal match found.
113027,0.5,is_x_compare,No,SOLVER_OR_API_CONSTANT,SOLVER_OR_API_CONSTANT,True,"Implementation detail: Gurobi solver parameter, status constant, or comparison threshold (e.g. status == 2 or x > 0.5)."
149228,73.0,assign_to_BaseCost,Yes,TEXT_SUPPORTED_EXACT,TEXT_SUPPORTED_EXACT,True,Verified in NL text: exact literal match found.
149228,80.0,assign_to_BaseCost,Yes,TEXT_SUPPORTED_EXACT,TEXT_SUPPORTED_EXACT,True,Verified in NL text: exact literal match found.
149228,79.0,assign_to_BaseCost,Yes,TEXT_SUPPORTED_EXACT,TEXT_SUPPORTED_EXACT,True,Verified in NL text: exact literal match found.
149228,2.0,assign_to_GenCost | assign_to_GenCost | assign_to_MaxGenerators,Yes,TEXT_SUPPORTED_EXACT,TEXT_SUPPORTED_EXACT,True,Verified in NL text: exact literal match found.
149228,3.0,assign_to_GenCost | assign_to_MaxStartup | assign_to_G; inside_call_range; in_range,Yes,TEXT_SUPPORTED_EXACT,TEXT_SUPPORTED_EXACT,True,Verified in NL text: exact literal match found.
149228,347.0,assign_to_StartupCost,Yes,TEXT_SUPPORTED_EXACT,TEXT_SUPPORTED_EXACT,True,Verified in NL text: exact literal match found.
149228,348.0,assign_to_StartupCost,Yes,TEXT_SUPPORTED_EXACT,TEXT_SUPPORTED_EXACT,True,Verified in NL text: exact literal match found.
149228,327.0,assign_to_StartupCost,Yes,TEXT_SUPPORTED_EXACT,TEXT_SUPPORTED_EXACT,True,Verified in NL text: exact literal match found.
149228,202.0,assign_to_Demand,Yes,TEXT_SUPPORTED_EXACT,TEXT_SUPPORTED_EXACT,True,Verified in NL text: exact literal match found.
149228,211.0,assign_to_Demand,Yes,TEXT_SUPPORTED_EXACT,TEXT_SUPPORTED_EXACT,True,Verified in NL text: exact literal match found.
149228,161.0,assign_to_Demand,Yes,TEXT_SUPPORTED_EXACT,TEXT_SUPPORTED_EXACT,True,Verified in NL text: exact literal match found.
149228,156.0,assign_to_Demand,Yes,TEXT_SUPPORTED_EXACT,TEXT_SUPPORTED_EXACT,True,Verified in NL text: exact literal match found.
149228,189.0,assign_to_Demand,Yes,TEXT_SUPPORTED_EXACT,TEXT_SUPPORTED_EXACT,True,Verified in NL text: exact literal match found.
149228,35.0,assign_to_MinOutput,Yes,TEXT_SUPPORTED_EXACT,TEXT_SUPPORTED_EXACT,True,Verified in NL text: exact literal match found.
149228,33.0,assign_to_MinOutput,Yes,TEXT_SUPPORTED_EXACT,TEXT_SUPPORTED_EXACT,True,Verified in NL text: exact literal match found.
149228,34.0,assign_to_MinOutput,Yes,TEXT_SUPPORTED_EXACT,TEXT_SUPPORTED_EXACT,True,Verified in NL text: exact literal match found.
149228,119.0,assign_to_MaxOutput,Yes,TEXT_SUPPORTED_EXACT,TEXT_SUPPORTED_EXACT,True,Verified in NL text: exact literal match found.
149228,129.0,assign_to_MaxOutput,Yes,TEXT_SUPPORTED_EXACT,TEXT_SUPPORTED_EXACT,True,Verified in NL text: exact literal match found.
149228,112.0,assign_to_MaxOutput,Yes,TEXT_SUPPORTED_EXACT,TEXT_SUPPORTED_EXACT,True,Verified in NL text: exact literal match found.
149228,232.3,assign_to_MaxCapacity,Yes,TEXT_SUPPORTED_EXACT,TEXT_SUPPORTED_EXACT,True,Verified in NL text: exact literal match found.
149228,242.65,assign_to_MaxCapacity,Yes,TEXT_SUPPORTED_EXACT,TEXT_SUPPORTED_EXACT,True,Verified in NL text: exact literal match found.
149228,185.15,assign_to_MaxCapacity,Yes,TEXT_SUPPORTED_EXACT,TEXT_SUPPORTED_EXACT,True,Verified in NL text: exact literal match found.
149228,179.4,assign_to_MaxCapacity,Yes,TEXT_SUPPORTED_EXACT,TEXT_SUPPORTED_EXACT,True,Verified in NL text: exact literal match found.
149228,217.35,assign_to_MaxCapacity,Yes,TEXT_SUPPORTED_EXACT,TEXT_SUPPORTED_EXACT,True,Verified in NL text: exact literal match found.
149228,5.0,assign_to_MaxGenerators | assign_to_T; inside_call_range; in_range | inside_call_range; in_range,Yes,TEXT_SUPPORTED_EXACT,TEXT_SUPPORTED_EXACT,True,Verified in NL text: exact literal match found.
165742,2.0,assign_to_origins | assign_to_destinations | assign_to_supply | assign_to_supply | assign_to_demand | assign_to_demand | assign_to_cost | assign_to_cost | assign_to_cost | assign_to_cost | assign_to_cost | assign_to_cost | assign_to_cost | assign_to_cost | assign_to_cost | assign_to_cost | assign_to_cost | assign_to_cost | assign_to_cost | assign_to_cost | assign_to_cost | assign_to_cost | assign_to_cost | assign_to_cost | assign_to_capacity | assign_to_capacity | assign_to_capacity | assign_to_capacity | assign_to_capacity | assign_to_capacity | assign_to_capacity | assign_to_capacity | assign_to_capacity,Yes,TEXT_SUPPORTED_EXACT,TEXT_SUPPORTED_EXACT,True,Verified in NL text: exact literal match found.
165742,3.0,assign_to_origins | assign_to_destinations | assign_to_supply | assign_to_supply | assign_to_demand | assign_to_demand | assign_to_cost | assign_to_cost | assign_to_cost | assign_to_cost | assign_to_cost | assign_to_cost | assign_to_cost | assign_to_cost | assign_to_cost | assign_to_cost | assign_to_cost | assign_to_cost | assign_to_cost | assign_to_cost | assign_to_cost | assign_to_cost | assign_to_cost | assign_to_cost | assign_to_capacity | assign_to_capacity | assign_to_capacity | assign_to_capacity | assign_to_capacity | assign_to_capacity | assign_to_capacity | assign_to_capacity | assign_to_capacity,Yes,TEXT_SUPPORTED_EXACT,TEXT_SUPPORTED_EXACT,True,Verified in NL text: exact literal match found.
165742,4.0,assign_to_destinations | assign_to_demand | assign_to_demand | assign_to_cost | assign_to_cost | assign_to_cost | assign_to_cost | assign_to_cost | assign_to_cost | assign_to_cost | assign_to_cost | assign_to_capacity | assign_to_capacity | assign_to_capacity | assign_to_capacity,Yes,TEXT_SUPPORTED_EXACT,TEXT_SUPPORTED_EXACT,True,Verified in NL text: exact literal match found.
165742,11.0,assign_to_supply | assign_to_cost | assign_to_cost | assign_to_cost | assign_to_cost | assign_to_cost | assign_to_cost | assign_to_cost,Yes,TEXT_SUPPORTED_EXACT,TEXT_SUPPORTED_EXACT,True,Verified in NL text: exact literal match found.
165742,51.0,assign_to_supply,Yes,TEXT_SUPPORTED_EXACT,TEXT_SUPPORTED_EXACT,True,Verified in NL text: exact literal match found.
165742,53.0,assign_to_supply,Yes,TEXT_SUPPORTED_EXACT,TEXT_SUPPORTED_EXACT,True,Verified in NL text: exact literal match found.
165742,65.0,assign_to_supply,Yes,TEXT_SUPPORTED_EXACT,TEXT_SUPPORTED_EXACT,True,Verified in NL text: exact literal match found.
165742,74.0,assign_to_supply,Yes,TEXT_SUPPORTED_EXACT,TEXT_SUPPORTED_EXACT,True,Verified in NL text: exact literal match found.
165742,10.0,assign_to_demand | assign_to_cost,Yes,TEXT_SUPPORTED_EXACT,TEXT_SUPPORTED_EXACT,True,Verified in NL text: exact literal match found.
165742,32.0,assign_to_demand,Yes,TEXT_SUPPORTED_EXACT,TEXT_SUPPORTED_EXACT,True,Verified in NL text: exact literal match found.
165742,30.0,assign_to_demand,Yes,TEXT_SUPPORTED_EXACT,TEXT_SUPPORTED_EXACT,True,Verified in NL text: exact literal match found.
165742,14.0,assign_to_demand | assign_to_cost | assign_to_cost | assign_to_cost | assign_to_cost | assign_to_cost | assign_to_cost,Yes,TEXT_SUPPORTED_EXACT,TEXT_SUPPORTED_EXACT,True,Verified in NL text: exact literal match found.
165742,17.0,assign_to_demand | assign_to_cost | assign_to_cost | assign_to_cost | assign_to_cost,Yes,TEXT_SUPPORTED_EXACT,TEXT_SUPPORTED_EXACT,True,Verified in NL text: exact literal match found.
165742,16.0,assign_to_demand | assign_to_cost | assign_to_cost | assign_to_cost | assign_to_cost,Yes,TEXT_SUPPORTED_EXACT,TEXT_SUPPORTED_EXACT,True,Verified in NL text: exact literal match found.
165742,34.0,assign_to_demand,Yes,TEXT_SUPPORTED_EXACT,TEXT_SUPPORTED_EXACT,True,Verified in NL text: exact literal match found.
165742,41.0,assign_to_demand,Yes,TEXT_SUPPORTED_EXACT,TEXT_SUPPORTED_EXACT,True,Verified in NL text: exact literal match found.
165742,25.0,assign_to_demand,Yes,TEXT_SUPPORTED_EXACT,TEXT_SUPPORTED_EXACT,True,Verified in NL text: exact literal match found.
165742,35.0,assign_to_demand,Yes,TEXT_SUPPORTED_EXACT,TEXT_SUPPORTED_EXACT,True,Verified in NL text: exact literal match found.
165742,20.0,assign_to_cost | assign_to_cost | assign_to_cost | assign_to_cost,Yes,TEXT_SUPPORTED_EXACT,TEXT_SUPPORTED_EXACT,True,Verified in NL text: exact literal match found.
165742,19.0,assign_to_cost | assign_to_cost | assign_to_cost,Yes,TEXT_SUPPORTED_EXACT,TEXT_SUPPORTED_EXACT,True,Verified in NL text: exact literal match found.
165742,12.0,assign_to_cost | assign_to_cost | assign_to_cost | assign_to_cost | assign_to_cost,Yes,TEXT_SUPPORTED_EXACT,TEXT_SUPPORTED_EXACT,True,Verified in NL text: exact literal match found.
165742,18.0,assign_to_cost | assign_to_cost | assign_to_cost,Yes,TEXT_SUPPORTED_EXACT,TEXT_SUPPORTED_EXACT,True,Verified in NL text: exact literal match found.
165742,13.0,assign_to_cost | assign_to_cost,Yes,TEXT_SUPPORTED_EXACT,TEXT_SUPPORTED_EXACT,True,Verified in NL text: exact literal match found.
165742,15.0,assign_to_cost,Yes,TEXT_SUPPORTED_EXACT,TEXT_SUPPORTED_EXACT,True,Verified in NL text: exact literal match found.
165742,87.0,assign_to_capacity,Yes,TEXT_SUPPORTED_EXACT,TEXT_SUPPORTED_EXACT,True,Verified in NL text: exact literal match found.
165742,75.0,assign_to_capacity | assign_to_capacity,Yes,TEXT_SUPPORTED_EXACT,TEXT_SUPPORTED_EXACT,True,Verified in NL text: exact literal match found.
165742,106.0,assign_to_capacity,Yes,TEXT_SUPPORTED_EXACT,TEXT_SUPPORTED_EXACT,True,Verified in NL text: exact literal match found.
165742,124.0,assign_to_capacity,Yes,TEXT_SUPPORTED_EXACT,TEXT_SUPPORTED_EXACT,True,Verified in NL text: exact literal match found.
165742,76.0,assign_to_capacity,Yes,TEXT_SUPPORTED_EXACT,TEXT_SUPPORTED_EXACT,True,Verified in NL text: exact literal match found.
165742,144.0,assign_to_capacity,Yes,TEXT_SUPPORTED_EXACT,TEXT_SUPPORTED_EXACT,True,Verified in NL text: exact literal match found.
165742,89.0,assign_to_capacity,Yes,TEXT_SUPPORTED_EXACT,TEXT_SUPPORTED_EXACT,True,Verified in NL text: exact literal match found.
165742,72.0,assign_to_capacity,Yes,TEXT_SUPPORTED_EXACT,TEXT_SUPPORTED_EXACT,True,Verified in NL text: exact literal match found.
165742,66.0,assign_to_capacity,Yes,TEXT_SUPPORTED_EXACT,TEXT_SUPPORTED_EXACT,True,Verified in NL text: exact literal match found.
165742,55.0,assign_to_capacity,Yes,TEXT_SUPPORTED_EXACT,TEXT_SUPPORTED_EXACT,True,Verified in NL text: exact literal match found.
165742,150.0,assign_to_capacity,Yes,TEXT_SUPPORTED_EXACT,TEXT_SUPPORTED_EXACT,True,Verified in NL text: exact literal match found.
165742,105.0,assign_to_capacity,Yes,TEXT_SUPPORTED_EXACT,TEXT_SUPPORTED_EXACT,True,Verified in NL text: exact literal match found.
165742,148.0,assign_to_capacity,Yes,TEXT_SUPPORTED_EXACT,TEXT_SUPPORTED_EXACT,True,Verified in NL text: exact literal match found.
165742,81.0,assign_to_capacity,Yes,TEXT_SUPPORTED_EXACT,TEXT_SUPPORTED_EXACT,True,Verified in NL text: exact literal match found.
165742,79.0,assign_to_capacity,Yes,TEXT_SUPPORTED_EXACT,TEXT_SUPPORTED_EXACT,True,Verified in NL text: exact literal match found.
165742,98.0,assign_to_capacity,Yes,TEXT_SUPPORTED_EXACT,TEXT_SUPPORTED_EXACT,True,Verified in NL text: exact literal match found.
165742,99.0,assign_to_capacity,Yes,TEXT_SUPPORTED_EXACT,TEXT_SUPPORTED_EXACT,True,Verified in NL text: exact literal match found.
165742,137.0,assign_to_capacity,Yes,TEXT_SUPPORTED_EXACT,TEXT_SUPPORTED_EXACT,True,Verified in NL text: exact literal match found.
165742,111.0,assign_to_capacity,Yes,TEXT_SUPPORTED_EXACT,TEXT_SUPPORTED_EXACT,True,Verified in NL text: exact literal match found.
42088,2.0,assign_to_packages | assign_to_weights | assign_to_trucks,Yes,TEXT_SUPPORTED_EXACT,TEXT_SUPPORTED_EXACT,True,Verified in NL text: exact literal match found.
42088,3.0,assign_to_packages | assign_to_weights | assign_to_trucks,Yes,TEXT_SUPPORTED_EXACT,TEXT_SUPPORTED_EXACT,True,Verified in NL text: exact literal match found.
42088,4.0,assign_to_packages | assign_to_weights | assign_to_trucks,Yes,TEXT_SUPPORTED_EXACT,TEXT_SUPPORTED_EXACT,True,Verified in NL text: exact literal match found.
42088,5.0,assign_to_packages | assign_to_weights | assign_to_trucks,Yes,TEXT_SUPPORTED_EXACT,TEXT_SUPPORTED_EXACT,True,Verified in NL text: exact literal match found.
42088,6.0,assign_to_packages | assign_to_weights | assign_to_trucks,Yes,TEXT_SUPPORTED_EXACT,TEXT_SUPPORTED_EXACT,True,Verified in NL text: exact literal match found.
42088,7.0,assign_to_packages | assign_to_weights | assign_to_trucks,Yes,TEXT_SUPPORTED_EXACT,TEXT_SUPPORTED_EXACT,True,Verified in NL text: exact literal match found.
42088,33.0,assign_to_weights | assign_to_weights | assign_to_weights,Yes,TEXT_SUPPORTED_EXACT,TEXT_SUPPORTED_EXACT,True,Verified in NL text: exact literal match found.
42088,32.0,assign_to_weights,Yes,TEXT_SUPPORTED_EXACT,TEXT_SUPPORTED_EXACT,True,Verified in NL text: exact literal match found.
42088,30.0,assign_to_weights | assign_to_weights,Yes,TEXT_SUPPORTED_EXACT,TEXT_SUPPORTED_EXACT,True,Verified in NL text: exact literal match found.
42088,31.0,assign_to_weights,Yes,TEXT_SUPPORTED_EXACT,TEXT_SUPPORTED_EXACT,True,Verified in NL text: exact literal match found.
42088,34.0,assign_to_weights,Yes,TEXT_SUPPORTED_EXACT,TEXT_SUPPORTED_EXACT,True,Verified in NL text: exact literal match found.
42088,100.0,assign_to_capacity,Yes,TEXT_SUPPORTED_EXACT,TEXT_SUPPORTED_EXACT,True,Verified in NL text: exact literal match found.
42088,0.5,is_x_compare | is_x_compare,No,SOLVER_OR_API_CONSTANT,SOLVER_OR_API_CONSTANT,True,"Implementation detail: Gurobi solver parameter, status constant, or comparison threshold (e.g. status == 2 or x > 0.5)."
193876,5.0,assign_to_origins; inside_call_range; in_range,Yes,TEXT_SUPPORTED_NORMALIZED,TEXT_SUPPORTED_NORMALIZED,True,"Verified in NL text: value matches in normalized format (written word, percentage, or currency)."
193876,4.0,assign_to_destinations; inside_call_range; in_range | assign_to_supply | assign_to_supply | assign_to_cost | assign_to_cost | assign_to_cost | assign_to_cost | assign_to_cost | assign_to_cost | assign_to_cost | assign_to_cost | assign_to_capacity | assign_to_capacity | assign_to_capacity | assign_to_capacity,Yes,TEXT_SUPPORTED_EXACT,TEXT_SUPPORTED_EXACT,True,Verified in NL text: exact literal match found.
193876,2.0,assign_to_products; inside_call_range; in_range | assign_to_supply | assign_to_supply | assign_to_demand | assign_to_demand | assign_to_cost | assign_to_cost | assign_to_cost | assign_to_cost | assign_to_cost | assign_to_cost | assign_to_cost | assign_to_cost | assign_to_cost | assign_to_cost | assign_to_cost | assign_to_cost | assign_to_cost | assign_to_cost | assign_to_cost | assign_to_cost | assign_to_cost | assign_to_cost | assign_to_capacity | assign_to_capacity | assign_to_capacity | assign_to_capacity | assign_to_capacity | assign_to_capacity | assign_to_capacity | assign_to_capacity | assign_to_capacity,Yes,TEXT_SUPPORTED_EXACT,TEXT_SUPPORTED_EXACT,True,Verified in NL text: exact literal match found.
193876,3.0,assign_to_supply | assign_to_supply | assign_to_demand | assign_to_demand | assign_to_cost | assign_to_cost | assign_to_cost | assign_to_cost | assign_to_cost | assign_to_cost | assign_to_cost | assign_to_cost | assign_to_cost | assign_to_cost | assign_to_cost | assign_to_cost | assign_to_cost | assign_to_cost | assign_to_cost | assign_to_cost | assign_to_cost | assign_to_cost | assign_to_capacity | assign_to_capacity | assign_to_capacity | assign_to_capacity | assign_to_capacity | assign_to_capacity | assign_to_capacity | assign_to_capacity | assign_to_capacity,Yes,TEXT_SUPPORTED_EXACT,TEXT_SUPPORTED_EXACT,True,Verified in NL text: exact literal match found.
193876,27.0,assign_to_supply,Yes,TEXT_SUPPORTED_EXACT,TEXT_SUPPORTED_EXACT,True,Verified in NL text: exact literal match found.
193876,43.0,assign_to_supply,Yes,TEXT_SUPPORTED_EXACT,TEXT_SUPPORTED_EXACT,True,Verified in NL text: exact literal match found.
193876,44.0,assign_to_supply,Yes,TEXT_SUPPORTED_EXACT,TEXT_SUPPORTED_EXACT,True,Verified in NL text: exact literal match found.
193876,52.0,assign_to_supply,Yes,TEXT_SUPPORTED_EXACT,TEXT_SUPPORTED_EXACT,True,Verified in NL text: exact literal match found.
193876,61.0,assign_to_supply,Yes,TEXT_SUPPORTED_EXACT,TEXT_SUPPORTED_EXACT,True,Verified in NL text: exact literal match found.
193876,20.0,assign_to_demand | assign_to_cost | assign_to_cost | assign_to_cost | assign_to_cost | assign_to_cost | assign_to_cost,Yes,TEXT_SUPPORTED_EXACT,TEXT_SUPPORTED_EXACT,True,Verified in NL text: exact literal match found.
193876,28.0,assign_to_demand,Yes,TEXT_SUPPORTED_EXACT,TEXT_SUPPORTED_EXACT,True,Verified in NL text: exact literal match found.
193876,35.0,assign_to_demand,Yes,TEXT_SUPPORTED_EXACT,TEXT_SUPPORTED_EXACT,True,Verified in NL text: exact literal match found.
193876,19.0,assign_to_demand | assign_to_cost | assign_to_cost | assign_to_cost | assign_to_cost | assign_to_cost | assign_to_cost,Yes,TEXT_SUPPORTED_EXACT,TEXT_SUPPORTED_EXACT,True,Verified in NL text: exact literal match found.
193876,29.0,assign_to_demand,Yes,TEXT_SUPPORTED_EXACT,TEXT_SUPPORTED_EXACT,True,Verified in NL text: exact literal match found.
193876,24.0,assign_to_demand,Yes,TEXT_SUPPORTED_EXACT,TEXT_SUPPORTED_EXACT,True,Verified in NL text: exact literal match found.
193876,38.0,assign_to_demand,Yes,TEXT_SUPPORTED_EXACT,TEXT_SUPPORTED_EXACT,True,Verified in NL text: exact literal match found.
193876,34.0,assign_to_demand,Yes,TEXT_SUPPORTED_EXACT,TEXT_SUPPORTED_EXACT,True,Verified in NL text: exact literal match found.
193876,17.0,assign_to_cost | assign_to_cost | assign_to_cost | assign_to_cost | assign_to_cost | assign_to_cost,Yes,TEXT_SUPPORTED_EXACT,TEXT_SUPPORTED_EXACT,True,Verified in NL text: exact literal match found.
193876,10.0,assign_to_cost | assign_to_cost | assign_to_cost | assign_to_cost,Yes,TEXT_SUPPORTED_EXACT,TEXT_SUPPORTED_EXACT,True,Verified in NL text: exact literal match found.
193876,13.0,assign_to_cost | assign_to_cost | assign_to_cost | assign_to_cost,Yes,TEXT_SUPPORTED_EXACT,TEXT_SUPPORTED_EXACT,True,Verified in NL text: exact literal match found.
193876,16.0,assign_to_cost | assign_to_cost | assign_to_cost | assign_to_cost | assign_to_cost,Yes,TEXT_SUPPORTED_EXACT,TEXT_SUPPORTED_EXACT,True,Verified in NL text: exact literal match found.
193876,18.0,assign_to_cost | assign_to_cost | assign_to_cost,Yes,TEXT_SUPPORTED_EXACT,TEXT_SUPPORTED_EXACT,True,Verified in NL text: exact literal match found.
193876,11.0,assign_to_cost,Yes,TEXT_SUPPORTED_EXACT,TEXT_SUPPORTED_EXACT,True,Verified in NL text: exact literal match found.
193876,14.0,assign_to_cost | assign_to_cost,Yes,TEXT_SUPPORTED_EXACT,TEXT_SUPPORTED_EXACT,True,Verified in NL text: exact literal match found.
193876,12.0,assign_to_cost,Yes,TEXT_SUPPORTED_EXACT,TEXT_SUPPORTED_EXACT,True,Verified in NL text: exact literal match found.
193876,15.0,assign_to_cost | assign_to_cost,Yes,TEXT_SUPPORTED_EXACT,TEXT_SUPPORTED_EXACT,True,Verified in NL text: exact literal match found.
193876,119.0,assign_to_capacity,Yes,TEXT_SUPPORTED_EXACT,TEXT_SUPPORTED_EXACT,True,Verified in NL text: exact literal match found.
193876,56.0,assign_to_capacity,Yes,TEXT_SUPPORTED_EXACT,TEXT_SUPPORTED_EXACT,True,Verified in NL text: exact literal match found.
193876,98.0,assign_to_capacity,Yes,TEXT_SUPPORTED_EXACT,TEXT_SUPPORTED_EXACT,True,Verified in NL text: exact literal match found.
193876,131.0,assign_to_capacity,Yes,TEXT_SUPPORTED_EXACT,TEXT_SUPPORTED_EXACT,True,Verified in NL text: exact literal match found.
193876,127.0,assign_to_capacity | assign_to_capacity | assign_to_capacity,Yes,TEXT_SUPPORTED_EXACT,TEXT_SUPPORTED_EXACT,True,Verified in NL text: exact literal match found.
193876,135.0,assign_to_capacity,Yes,TEXT_SUPPORTED_EXACT,TEXT_SUPPORTED_EXACT,True,Verified in NL text: exact literal match found.
193876,106.0,assign_to_capacity,Yes,TEXT_SUPPORTED_EXACT,TEXT_SUPPORTED_EXACT,True,Verified in NL text: exact literal match found.
193876,99.0,assign_to_capacity,Yes,TEXT_SUPPORTED_EXACT,TEXT_SUPPORTED_EXACT,True,Verified in NL text: exact literal match found.
193876,97.0,assign_to_capacity,Yes,TEXT_SUPPORTED_EXACT,TEXT_SUPPORTED_EXACT,True,Verified in NL text: exact literal match found.
193876,80.0,assign_to_capacity,Yes,TEXT_SUPPORTED_EXACT,TEXT_SUPPORTED_EXACT,True,Verified in NL text: exact literal match found.
193876,100.0,assign_to_capacity,Yes,TEXT_SUPPORTED_EXACT,TEXT_SUPPORTED_EXACT,True,Verified in NL text: exact literal match found.
193876,129.0,assign_to_capacity,Yes,TEXT_SUPPORTED_EXACT,TEXT_SUPPORTED_EXACT,True,Verified in NL text: exact literal match found.
193876,81.0,assign_to_capacity,Yes,TEXT_SUPPORTED_EXACT,TEXT_SUPPORTED_EXACT,True,Verified in NL text: exact literal match found.
193876,147.0,assign_to_capacity,Yes,TEXT_SUPPORTED_EXACT,TEXT_SUPPORTED_EXACT,True,Verified in NL text: exact literal match found.
193876,117.0,assign_to_capacity,Yes,TEXT_SUPPORTED_EXACT,TEXT_SUPPORTED_EXACT,True,Verified in NL text: exact literal match found.
193876,120.0,assign_to_capacity,Yes,TEXT_SUPPORTED_EXACT,TEXT_SUPPORTED_EXACT,True,Verified in NL text: exact literal match found.
193876,58.0,assign_to_capacity,Yes,TEXT_SUPPORTED_EXACT,TEXT_SUPPORTED_EXACT,True,Verified in NL text: exact literal match found.
193876,122.0,assign_to_capacity,Yes,TEXT_SUPPORTED_EXACT,TEXT_SUPPORTED_EXACT,True,Verified in NL text: exact literal match found.
70216,13.0,assign_to_consultants; inside_call_range; in_range | assign_to_project_requirements,Yes,TEXT_SUPPORTED_EXACT,TEXT_SUPPORTED_EXACT,True,Verified in NL text: exact literal match found.
70216,2.0,assign_to_costs | assign_to_project_requirements | assign_to_project_requirements | assign_to_project_requirements | assign_to_project_requirements | assign_to_project_requirements | assign_to_project_requirements | assign_to_project_requirements | assign_to_project_requirements,Yes,TEXT_SUPPORTED_EXACT,TEXT_SUPPORTED_EXACT,True,Verified in NL text: exact literal match found.
70216,3.0,assign_to_costs | assign_to_project_requirements | assign_to_project_requirements | assign_to_project_requirements | assign_to_project_requirements | assign_to_project_requirements | assign_to_project_requirements | assign_to_project_requirements | assign_to_project_requirements | assign_to_project_requirements | assign_to_project_requirements | assign_to_project_requirements,Yes,TEXT_SUPPORTED_EXACT,TEXT_SUPPORTED_EXACT,True,Verified in NL text: exact literal match found.
70216,4.0,assign_to_costs | assign_to_project_requirements | assign_to_project_requirements | assign_to_project_requirements | assign_to_project_requirements | assign_to_project_requirements | assign_to_project_requirements | assign_to_project_requirements | assign_to_project_requirements | assign_to_project_requirements | assign_to_project_requirements,Yes,TEXT_SUPPORTED_EXACT,TEXT_SUPPORTED_EXACT,True,Verified in NL text: exact literal match found.
70216,5.0,assign_to_costs | assign_to_project_requirements | assign_to_project_requirements | assign_to_project_requirements | assign_to_project_requirements | assign_to_project_requirements | assign_to_project_requirements | assign_to_project_requirements,Yes,TEXT_SUPPORTED_EXACT,TEXT_SUPPORTED_EXACT,True,Verified in NL text: exact literal match found.
70216,6.0,assign_to_costs | assign_to_project_requirements | assign_to_project_requirements | assign_to_project_requirements | assign_to_project_requirements | assign_to_project_requirements | assign_to_project_requirements | assign_to_project_requirements | assign_to_project_requirements | assign_to_project_requirements | assign_to_project_requirements,Yes,TEXT_SUPPORTED_EXACT,TEXT_SUPPORTED_EXACT,True,Verified in NL text: exact literal match found.
70216,7.0,assign_to_costs | assign_to_project_requirements | assign_to_project_requirements | assign_to_project_requirements | assign_to_project_requirements | assign_to_project_requirements | assign_to_project_requirements | assign_to_project_requirements | assign_to_project_requirements | assign_to_project_requirements | assign_to_project_requirements | assign_to_project_requirements,Yes,TEXT_SUPPORTED_EXACT,TEXT_SUPPORTED_EXACT,True,Verified in NL text: exact literal match found.
70216,8.0,assign_to_costs | assign_to_project_requirements | assign_to_project_requirements | assign_to_project_requirements | assign_to_project_requirements | assign_to_project_requirements | assign_to_project_requirements | assign_to_project_requirements | assign_to_project_requirements | assign_to_project_requirements | assign_to_project_requirements | assign_to_project_requirements,Yes,TEXT_SUPPORTED_EXACT,TEXT_SUPPORTED_EXACT,True,Verified in NL text: exact literal match found.
70216,9.0,assign_to_costs | assign_to_project_requirements | assign_to_project_requirements | assign_to_project_requirements | assign_to_project_requirements | assign_to_project_requirements | assign_to_project_requirements | assign_to_project_requirements | assign_to_project_requirements | assign_to_project_requirements | assign_to_project_requirements | assign_to_project_requirements,Yes,TEXT_SUPPORTED_EXACT,TEXT_SUPPORTED_EXACT,True,Verified in NL text: exact literal match found.
70216,10.0,assign_to_costs | assign_to_project_requirements | assign_to_project_requirements | assign_to_project_requirements | assign_to_project_requirements | assign_to_project_requirements | assign_to_project_requirements | assign_to_project_requirements | assign_to_project_requirements | assign_to_project_requirements | assign_to_project_requirements | assign_to_project_requirements | assign_to_project_requirements,Yes,TEXT_SUPPORTED_EXACT,TEXT_SUPPORTED_EXACT,True,Verified in NL text: exact literal match found.
70216,11.0,assign_to_costs | assign_to_costs | assign_to_project_requirements | assign_to_project_requirements | assign_to_project_requirements | assign_to_project_requirements | assign_to_project_requirements | assign_to_project_requirements | assign_to_project_requirements | assign_to_project_requirements | assign_to_project_requirements | assign_to_project_requirements | assign_to_project_requirements,Yes,TEXT_SUPPORTED_EXACT,TEXT_SUPPORTED_EXACT,True,Verified in NL text: exact literal match found.
70216,12.0,assign_to_costs | assign_to_costs | assign_to_project_requirements | assign_to_project_requirements | assign_to_project_requirements | assign_to_project_requirements | assign_to_project_requirements | assign_to_project_requirements | assign_to_project_requirements | assign_to_project_requirements,Yes,TEXT_SUPPORTED_EXACT,TEXT_SUPPORTED_EXACT,True,Verified in NL text: exact literal match found.
70216,33.0,assign_to_costs | assign_to_costs,Yes,TEXT_SUPPORTED_EXACT,TEXT_SUPPORTED_EXACT,True,Verified in NL text: exact literal match found.
70216,27.0,assign_to_costs,Yes,TEXT_SUPPORTED_EXACT,TEXT_SUPPORTED_EXACT,True,Verified in NL text: exact literal match found.
70216,21.0,assign_to_costs,Yes,TEXT_SUPPORTED_EXACT,TEXT_SUPPORTED_EXACT,True,Verified in NL text: exact literal match found.
70216,29.0,assign_to_costs,Yes,TEXT_SUPPORTED_EXACT,TEXT_SUPPORTED_EXACT,True,Verified in NL text: exact literal match found.
70216,36.0,assign_to_costs,Yes,TEXT_SUPPORTED_EXACT,TEXT_SUPPORTED_EXACT,True,Verified in NL text: exact literal match found.
70216,37.0,assign_to_costs,Yes,TEXT_SUPPORTED_EXACT,TEXT_SUPPORTED_EXACT,True,Verified in NL text: exact literal match found.
70216,26.0,assign_to_costs,Yes,TEXT_SUPPORTED_EXACT,TEXT_SUPPORTED_EXACT,True,Verified in NL text: exact literal match found.
70216,31.0,assign_to_costs,Yes,TEXT_SUPPORTED_EXACT,TEXT_SUPPORTED_EXACT,True,Verified in NL text: exact literal match found.
70216,39.0,assign_to_costs,Yes,TEXT_SUPPORTED_EXACT,TEXT_SUPPORTED_EXACT,True,Verified in NL text: exact literal match found.
70216,19.0,assign_to_projects; inside_call_range; in_range,No,INDEX_OR_LOOP_BOUND,INDEX_OR_LOOP_BOUND,True,Implementation detail: range boundary or set index not expressing a model parameter in the text.
70216,14.0,assign_to_project_requirements,Yes,TEXT_SUPPORTED_EXACT,TEXT_SUPPORTED_EXACT,True,Verified in NL text: exact literal match found.
70216,15.0,assign_to_project_requirements,Yes,TEXT_SUPPORTED_EXACT,TEXT_SUPPORTED_EXACT,True,Verified in NL text: exact literal match found.
70216,16.0,assign_to_project_requirements,Yes,TEXT_SUPPORTED_EXACT,TEXT_SUPPORTED_EXACT,True,Verified in NL text: exact literal match found.
70216,17.0,assign_to_project_requirements,Yes,TEXT_SUPPORTED_EXACT,TEXT_SUPPORTED_EXACT,True,Verified in NL text: exact literal match found.
70216,18.0,assign_to_project_requirements,Yes,TEXT_SUPPORTED_EXACT,TEXT_SUPPORTED_EXACT,True,Verified in NL text: exact literal match found.
70216,0.5,is_x_compare,No,SOLVER_OR_API_CONSTANT,SOLVER_OR_API_CONSTANT,True,"Implementation detail: Gurobi solver parameter, status constant, or comparison threshold (e.g. status == 2 or x > 0.5)."
185078,2.0,assign_to_cities | assign_to_supply_demand | assign_to_supply_demand | assign_to_cost | assign_to_cost | assign_to_cost | assign_to_cost | assign_to_cost | assign_to_cost | assign_to_cost | assign_to_cost | assign_to_cost | assign_to_cost | assign_to_cost | assign_to_cost | assign_to_cost | assign_to_cost | assign_to_cost | assign_to_cost | assign_to_cost | assign_to_cost | assign_to_cost | assign_to_cost | assign_to_cost | assign_to_cost | assign_to_cost | assign_to_cost | assign_to_link_capacity | assign_to_link_capacity | assign_to_link_capacity | assign_to_link_capacity | assign_to_link_capacity | assign_to_link_capacity | assign_to_link_capacity | assign_to_link_capacity | assign_to_link_capacity | assign_to_link_capacity | assign_to_city_capacity,Yes,TEXT_SUPPORTED_EXACT,TEXT_SUPPORTED_EXACT,True,Verified in NL text: exact literal match found.
185078,3.0,assign_to_cities | assign_to_supply_demand | assign_to_cost | assign_to_cost | assign_to_cost | assign_to_cost | assign_to_cost | assign_to_cost | assign_to_cost | assign_to_cost | assign_to_cost | assign_to_cost | assign_to_link_capacity | assign_to_link_capacity | assign_to_link_capacity | assign_to_link_capacity | assign_to_link_capacity | assign_to_link_capacity | assign_to_link_capacity | assign_to_link_capacity | assign_to_link_capacity | assign_to_link_capacity | assign_to_city_capacity,Yes,TEXT_SUPPORTED_EXACT,TEXT_SUPPORTED_EXACT,True,Verified in NL text: exact literal match found.
185078,4.0,assign_to_cities | assign_to_supply_demand | assign_to_cost | assign_to_cost | assign_to_cost | assign_to_cost | assign_to_cost | assign_to_cost | assign_to_cost | assign_to_cost | assign_to_cost | assign_to_cost | assign_to_link_capacity | assign_to_link_capacity | assign_to_link_capacity | assign_to_link_capacity | assign_to_link_capacity | assign_to_link_capacity | assign_to_link_capacity | assign_to_link_capacity | assign_to_link_capacity | assign_to_link_capacity | assign_to_city_capacity,Yes,TEXT_SUPPORTED_EXACT,TEXT_SUPPORTED_EXACT,True,Verified in NL text: exact literal match found.
185078,5.0,assign_to_cities | assign_to_supply_demand | assign_to_cost | assign_to_cost | assign_to_cost | assign_to_cost | assign_to_cost | assign_to_cost | assign_to_cost | assign_to_cost | assign_to_cost | assign_to_cost | assign_to_link_capacity | assign_to_link_capacity | assign_to_link_capacity | assign_to_link_capacity | assign_to_link_capacity | assign_to_link_capacity | assign_to_link_capacity | assign_to_link_capacity | assign_to_link_capacity | assign_to_link_capacity | assign_to_link_capacity | assign_to_link_capacity | assign_to_link_capacity | assign_to_link_capacity | assign_to_city_capacity,Yes,TEXT_SUPPORTED_EXACT,TEXT_SUPPORTED_EXACT,True,Verified in NL text: exact literal match found.
185078,-2.0,assign_to_supply_demand,Yes,TEXT_SUPPORTED_DERIVED,TEXT_SUPPORTED_DERIVED,True,Verified in NL text: value derived deterministically (e.g. negated objective coefficient or multiplier).
185078,-1.0,assign_to_supply_demand,Yes,TEXT_SUPPORTED_DERIVED,TEXT_SUPPORTED_DERIVED,True,Verified in NL text: value derived deterministically (e.g. negated objective coefficient or multiplier).
185078,8.0,assign_to_link_capacity | assign_to_link_capacity | assign_to_link_capacity | assign_to_link_capacity | assign_to_link_capacity | assign_to_link_capacity,Yes,TEXT_SUPPORTED_EXACT,TEXT_SUPPORTED_EXACT,True,Verified in NL text: exact literal match found.
185078,10.0,assign_to_link_capacity | assign_to_link_capacity | assign_to_city_capacity,Yes,TEXT_SUPPORTED_EXACT,TEXT_SUPPORTED_EXACT,True,Verified in NL text: exact literal match found.
185078,9.0,assign_to_link_capacity | assign_to_link_capacity | assign_to_link_capacity | assign_to_link_capacity | assign_to_link_capacity | assign_to_link_capacity | assign_to_city_capacity,Yes,TEXT_SUPPORTED_EXACT,TEXT_SUPPORTED_EXACT,True,Verified in NL text: exact literal match found.
185078,6.0,assign_to_link_capacity | assign_to_link_capacity | assign_to_link_capacity | assign_to_link_capacity | assign_to_city_capacity,Yes,TEXT_SUPPORTED_EXACT,TEXT_SUPPORTED_EXACT,True,Verified in NL text: exact literal match found.
185078,7.0,assign_to_link_capacity | assign_to_link_capacity | assign_to_link_capacity | assign_to_link_capacity | assign_to_link_capacity | assign_to_link_capacity | assign_to_link_capacity | assign_to_link_capacity,Yes,TEXT_SUPPORTED_EXACT,TEXT_SUPPORTED_EXACT,True,Verified in NL text: exact literal match found.
185078,14.0,assign_to_city_capacity,Yes,TEXT_SUPPORTED_EXACT,TEXT_SUPPORTED_EXACT,True,Verified in NL text: exact literal match found.
185078,12.0,assign_to_city_capacity | assign_to_city_capacity,Yes,TEXT_SUPPORTED_EXACT,TEXT_SUPPORTED_EXACT,True,Verified in NL text: exact literal match found.
123555,10.0,assign_to_num_shipments | assign_to_num_trucks,Yes,TEXT_SUPPORTED_EXACT,TEXT_SUPPORTED_EXACT,True,Verified in NL text: exact literal match found.
123555,28.0,assign_to_shipment_weight,Yes,TEXT_SUPPORTED_EXACT,TEXT_SUPPORTED_EXACT,True,Verified in NL text: exact literal match found.
123555,100.0,assign_to_truck_capacity,Yes,TEXT_SUPPORTED_EXACT,TEXT_SUPPORTED_EXACT,True,Verified in NL text: exact literal match found.
123555,0.5,is_x_compare | is_x_compare,No,SOLVER_OR_API_CONSTANT,SOLVER_OR_API_CONSTANT,True,"Implementation detail: Gurobi solver parameter, status constant, or comparison threshold (e.g. status == 2 or x > 0.5)."
32093,2.0,assign_to_factories | assign_to_months | assign_to_fixed_costs | assign_to_min_production | assign_to_max_production | assign_to_demand,Yes,TEXT_SUPPORTED_EXACT,TEXT_SUPPORTED_EXACT,True,Verified in NL text: exact literal match found.
32093,3.0,assign_to_factories | assign_to_months | assign_to_fixed_costs | assign_to_min_production | assign_to_max_production | assign_to_demand,Yes,TEXT_SUPPORTED_EXACT,TEXT_SUPPORTED_EXACT,True,Verified in NL text: exact literal match found.
32093,4.0,assign_to_months | assign_to_demand,Yes,TEXT_SUPPORTED_EXACT,TEXT_SUPPORTED_EXACT,True,Verified in NL text: exact literal match found.
32093,327.0,assign_to_fixed_costs,Yes,TEXT_SUPPORTED_EXACT,TEXT_SUPPORTED_EXACT,True,Verified in NL text: exact literal match found.
32093,254.0,assign_to_fixed_costs,Yes,TEXT_SUPPORTED_EXACT,TEXT_SUPPORTED_EXACT,True,Verified in NL text: exact literal match found.
32093,333.0,assign_to_fixed_costs,Yes,TEXT_SUPPORTED_EXACT,TEXT_SUPPORTED_EXACT,True,Verified in NL text: exact literal match found.
32093,342.0,assign_to_fixed_costs,Yes,TEXT_SUPPORTED_EXACT,TEXT_SUPPORTED_EXACT,True,Verified in NL text: exact literal match found.
32093,40.0,assign_to_min_production,Yes,TEXT_SUPPORTED_EXACT,TEXT_SUPPORTED_EXACT,True,Verified in NL text: exact literal match found.
32093,38.0,assign_to_min_production | assign_to_min_production | assign_to_min_production,Yes,TEXT_SUPPORTED_EXACT,TEXT_SUPPORTED_EXACT,True,Verified in NL text: exact literal match found.
32093,85.0,assign_to_max_production,Yes,TEXT_SUPPORTED_EXACT,TEXT_SUPPORTED_EXACT,True,Verified in NL text: exact literal match found.
32093,89.0,assign_to_max_production,Yes,TEXT_SUPPORTED_EXACT,TEXT_SUPPORTED_EXACT,True,Verified in NL text: exact literal match found.
32093,93.0,assign_to_max_production,Yes,TEXT_SUPPORTED_EXACT,TEXT_SUPPORTED_EXACT,True,Verified in NL text: exact literal match found.
32093,88.0,assign_to_max_production,Yes,TEXT_SUPPORTED_EXACT,TEXT_SUPPORTED_EXACT,True,Verified in NL text: exact literal match found.
32093,166.0,assign_to_demand,Yes,TEXT_SUPPORTED_EXACT,TEXT_SUPPORTED_EXACT,True,Verified in NL text: exact literal match found.
32093,189.0,assign_to_demand,Yes,TEXT_SUPPORTED_EXACT,TEXT_SUPPORTED_EXACT,True,Verified in NL text: exact literal match found.
32093,188.0,assign_to_demand,Yes,TEXT_SUPPORTED_EXACT,TEXT_SUPPORTED_EXACT,True,Verified in NL text: exact literal match found.
32093,169.0,assign_to_demand,Yes,TEXT_SUPPORTED_EXACT,TEXT_SUPPORTED_EXACT,True,Verified in NL text: exact literal match found.
32093,167.0,assign_to_demand,Yes,TEXT_SUPPORTED_EXACT,TEXT_SUPPORTED_EXACT,True,Verified in NL text: exact literal match found.
32093,6.0,inside_call_gp.quicksum,Yes,TEXT_SUPPORTED_EXACT,TEXT_SUPPORTED_EXACT,True,Verified in NL text: exact literal match found.
32093,0.5,is_x_compare,No,SOLVER_OR_API_CONSTANT,SOLVER_OR_API_CONSTANT,True,"Implementation detail: Gurobi solver parameter, status constant, or comparison threshold (e.g. status == 2 or x > 0.5)."
71236,18.0,assign_to_T | assign_to_holding_cost | assign_to_holding_cost,Yes,TEXT_SUPPORTED_EXACT,TEXT_SUPPORTED_EXACT,True,Verified in NL text: exact literal match found.
71236,341.0,assign_to_demand,Yes,TEXT_SUPPORTED_EXACT,TEXT_SUPPORTED_EXACT,True,Verified in NL text: exact literal match found.
71236,567.0,assign_to_demand,Yes,TEXT_SUPPORTED_EXACT,TEXT_SUPPORTED_EXACT,True,Verified in NL text: exact literal match found.
71236,375.0,assign_to_demand,Yes,TEXT_SUPPORTED_EXACT,TEXT_SUPPORTED_EXACT,True,Verified in NL text: exact literal match found.
71236,366.0,assign_to_demand,Yes,TEXT_SUPPORTED_EXACT,TEXT_SUPPORTED_EXACT,True,Verified in NL text: exact literal match found.
71236,344.0,assign_to_demand,Yes,TEXT_SUPPORTED_EXACT,TEXT_SUPPORTED_EXACT,True,Verified in NL text: exact literal match found.
71236,365.0,assign_to_demand,Yes,TEXT_SUPPORTED_EXACT,TEXT_SUPPORTED_EXACT,True,Verified in NL text: exact literal match found.
71236,565.0,assign_to_demand,Yes,TEXT_SUPPORTED_EXACT,TEXT_SUPPORTED_EXACT,True,Verified in NL text: exact literal match found.
71236,436.0,assign_to_demand,Yes,TEXT_SUPPORTED_EXACT,TEXT_SUPPORTED_EXACT,True,Verified in NL text: exact literal match found.
71236,586.0,assign_to_demand,Yes,TEXT_SUPPORTED_EXACT,TEXT_SUPPORTED_EXACT,True,Verified in NL text: exact literal match found.
71236,437.0,assign_to_demand,Yes,TEXT_SUPPORTED_EXACT,TEXT_SUPPORTED_EXACT,True,Verified in NL text: exact literal match found.
71236,492.0,assign_to_demand,Yes,TEXT_SUPPORTED_EXACT,TEXT_SUPPORTED_EXACT,True,Verified in NL text: exact literal match found.
71236,371.0,assign_to_demand,Yes,TEXT_SUPPORTED_EXACT,TEXT_SUPPORTED_EXACT,True,Verified in NL text: exact literal match found.
71236,383.0,assign_to_demand,Yes,TEXT_SUPPORTED_EXACT,TEXT_SUPPORTED_EXACT,True,Verified in NL text: exact literal match found.
71236,350.0,assign_to_demand,Yes,TEXT_SUPPORTED_EXACT,TEXT_SUPPORTED_EXACT,True,Verified in NL text: exact literal match found.
71236,497.0,assign_to_demand,Yes,TEXT_SUPPORTED_EXACT,TEXT_SUPPORTED_EXACT,True,Verified in NL text: exact literal match found.
71236,445.0,assign_to_demand,Yes,TEXT_SUPPORTED_EXACT,TEXT_SUPPORTED_EXACT,True,Verified in NL text: exact literal match found.
71236,539.0,assign_to_demand,Yes,TEXT_SUPPORTED_EXACT,TEXT_SUPPORTED_EXACT,True,Verified in NL text: exact literal match found.
71236,480.0,assign_to_demand,Yes,TEXT_SUPPORTED_EXACT,TEXT_SUPPORTED_EXACT,True,Verified in NL text: exact literal match found.
71236,651.0,assign_to_fixed_cost,Yes,TEXT_SUPPORTED_EXACT,TEXT_SUPPORTED_EXACT,True,Verified in NL text: exact literal match found.
71236,700.0,assign_to_fixed_cost,No,IMPLEMENTATION_ONLY,IMPLEMENTATION_ONLY,True,"Implementation detail: helper constant (e.g., large penalty coefficient / big-M) introduced by the code generator."
71236,750.0,assign_to_fixed_cost,No,IMPLEMENTATION_ONLY,IMPLEMENTATION_ONLY,True,"Implementation detail: helper constant (e.g., large penalty coefficient / big-M) introduced by the code generator."
71236,800.0,assign_to_fixed_cost,No,IMPLEMENTATION_ONLY,IMPLEMENTATION_ONLY,True,"Implementation detail: helper constant (e.g., large penalty coefficient / big-M) introduced by the code generator."
71236,850.0,assign_to_fixed_cost,No,IMPLEMENTATION_ONLY,IMPLEMENTATION_ONLY,True,"Implementation detail: helper constant (e.g., large penalty coefficient / big-M) introduced by the code generator."
71236,900.0,assign_to_fixed_cost | assign_to_fixed_cost,No,IMPLEMENTATION_ONLY,IMPLEMENTATION_ONLY,True,"Implementation detail: helper constant (e.g., large penalty coefficient / big-M) introduced by the code generator."
71236,950.0,assign_to_fixed_cost | assign_to_fixed_cost,No,IMPLEMENTATION_ONLY,IMPLEMENTATION_ONLY,True,"Implementation detail: helper constant (e.g., large penalty coefficient / big-M) introduced by the code generator."
71236,1000.0,assign_to_fixed_cost | assign_to_fixed_cost,No,IMPLEMENTATION_ONLY,IMPLEMENTATION_ONLY,True,"Implementation detail: helper constant (e.g., large penalty coefficient / big-M) introduced by the code generator."
71236,1050.0,assign_to_fixed_cost | assign_to_fixed_cost,No,IMPLEMENTATION_ONLY,IMPLEMENTATION_ONLY,True,"Implementation detail: helper constant (e.g., large penalty coefficient / big-M) introduced by the code generator."
71236,1100.0,assign_to_fixed_cost | assign_to_fixed_cost,No,IMPLEMENTATION_ONLY,IMPLEMENTATION_ONLY,True,"Implementation detail: helper constant (e.g., large penalty coefficient / big-M) introduced by the code generator."
71236,1150.0,assign_to_fixed_cost | assign_to_fixed_cost,No,IMPLEMENTATION_ONLY,IMPLEMENTATION_ONLY,True,"Implementation detail: helper constant (e.g., large penalty coefficient / big-M) introduced by the code generator."
71236,1152.0,assign_to_fixed_cost,Yes,TEXT_SUPPORTED_EXACT,TEXT_SUPPORTED_EXACT,True,Verified in NL text: exact literal match found.
71236,21.0,assign_to_variable_cost | assign_to_holding_cost | assign_to_holding_cost,Yes,TEXT_SUPPORTED_EXACT,TEXT_SUPPORTED_EXACT,True,Verified in NL text: exact literal match found.
71236,22.0,assign_to_variable_cost | assign_to_holding_cost | assign_to_holding_cost,No,ARRAY_OR_DIMENSION_CONSTANT,ARRAY_OR_DIMENSION_CONSTANT,True,"Implementation detail: structural array size or shape parameter (e.g., number of items/facilities)."
71236,23.0,assign_to_variable_cost | assign_to_holding_cost | assign_to_holding_cost,No,ARRAY_OR_DIMENSION_CONSTANT,ARRAY_OR_DIMENSION_CONSTANT,True,"Implementation detail: structural array size or shape parameter (e.g., number of items/facilities)."
71236,24.0,assign_to_variable_cost | assign_to_holding_cost | assign_to_holding_cost,No,ARRAY_OR_DIMENSION_CONSTANT,ARRAY_OR_DIMENSION_CONSTANT,True,"Implementation detail: structural array size or shape parameter (e.g., number of items/facilities)."
71236,25.0,assign_to_variable_cost | assign_to_holding_cost,Yes,TEXT_SUPPORTED_EXACT,TEXT_SUPPORTED_EXACT,True,Verified in NL text: exact literal match found.
71236,26.0,assign_to_variable_cost,No,ARRAY_OR_DIMENSION_CONSTANT,ARRAY_OR_DIMENSION_CONSTANT,True,"Implementation detail: structural array size or shape parameter (e.g., number of items/facilities)."
71236,27.0,assign_to_variable_cost,No,ARRAY_OR_DIMENSION_CONSTANT,ARRAY_OR_DIMENSION_CONSTANT,True,"Implementation detail: structural array size or shape parameter (e.g., number of items/facilities)."
71236,28.0,assign_to_variable_cost,No,ARRAY_OR_DIMENSION_CONSTANT,ARRAY_OR_DIMENSION_CONSTANT,True,"Implementation detail: structural array size or shape parameter (e.g., number of items/facilities)."
71236,29.0,assign_to_variable_cost,No,ARRAY_OR_DIMENSION_CONSTANT,ARRAY_OR_DIMENSION_CONSTANT,True,"Implementation detail: structural array size or shape parameter (e.g., number of items/facilities)."
71236,30.0,assign_to_variable_cost,No,ARRAY_OR_DIMENSION_CONSTANT,ARRAY_OR_DIMENSION_CONSTANT,True,"Implementation detail: structural array size or shape parameter (e.g., number of items/facilities)."
71236,31.0,assign_to_variable_cost,No,ARRAY_OR_DIMENSION_CONSTANT,ARRAY_OR_DIMENSION_CONSTANT,True,"Implementation detail: structural array size or shape parameter (e.g., number of items/facilities)."
71236,32.0,assign_to_variable_cost,No,ARRAY_OR_DIMENSION_CONSTANT,ARRAY_OR_DIMENSION_CONSTANT,True,"Implementation detail: structural array size or shape parameter (e.g., number of items/facilities)."
71236,33.0,assign_to_variable_cost,No,ARRAY_OR_DIMENSION_CONSTANT,ARRAY_OR_DIMENSION_CONSTANT,True,"Implementation detail: structural array size or shape parameter (e.g., number of items/facilities)."
71236,34.0,assign_to_variable_cost,No,ARRAY_OR_DIMENSION_CONSTANT,ARRAY_OR_DIMENSION_CONSTANT,True,"Implementation detail: structural array size or shape parameter (e.g., number of items/facilities)."
71236,35.0,assign_to_variable_cost,No,ARRAY_OR_DIMENSION_CONSTANT,ARRAY_OR_DIMENSION_CONSTANT,True,"Implementation detail: structural array size or shape parameter (e.g., number of items/facilities)."
71236,36.0,assign_to_variable_cost,No,ARRAY_OR_DIMENSION_CONSTANT,ARRAY_OR_DIMENSION_CONSTANT,True,"Implementation detail: structural array size or shape parameter (e.g., number of items/facilities)."
71236,37.0,assign_to_variable_cost,No,ARRAY_OR_DIMENSION_CONSTANT,ARRAY_OR_DIMENSION_CONSTANT,True,"Implementation detail: structural array size or shape parameter (e.g., number of items/facilities)."
71236,38.0,assign_to_variable_cost,No,ARRAY_OR_DIMENSION_CONSTANT,ARRAY_OR_DIMENSION_CONSTANT,True,"Implementation detail: structural array size or shape parameter (e.g., number of items/facilities)."
71236,15.0,assign_to_holding_cost,Yes,TEXT_SUPPORTED_EXACT,TEXT_SUPPORTED_EXACT,True,Verified in NL text: exact literal match found.
71236,16.0,assign_to_holding_cost,Yes,TEXT_SUPPORTED_EXACT,TEXT_SUPPORTED_EXACT,True,Verified in NL text: exact literal match found.
71236,17.0,assign_to_holding_cost,Yes,TEXT_SUPPORTED_EXACT,TEXT_SUPPORTED_EXACT,True,Verified in NL text: exact literal match found.
71236,19.0,assign_to_holding_cost | assign_to_holding_cost,No,ARRAY_OR_DIMENSION_CONSTANT,ARRAY_OR_DIMENSION_CONSTANT,True,"Implementation detail: structural array size or shape parameter (e.g., number of items/facilities)."
71236,20.0,assign_to_holding_cost | assign_to_holding_cost,No,ARRAY_OR_DIMENSION_CONSTANT,ARRAY_OR_DIMENSION_CONSTANT,True,"Implementation detail: structural array size or shape parameter (e.g., number of items/facilities)."
71236,42.0,assign_to_backlog_cost,Yes,TEXT_SUPPORTED_EXACT,TEXT_SUPPORTED_EXACT,True,Verified in NL text: exact literal match found.
71236,45.0,assign_to_backlog_cost,No,ARRAY_OR_DIMENSION_CONSTANT,ARRAY_OR_DIMENSION_CONSTANT,True,"Implementation detail: structural array size or shape parameter (e.g., number of items/facilities)."
71236,48.0,assign_to_backlog_cost,No,ARRAY_OR_DIMENSION_CONSTANT,ARRAY_OR_DIMENSION_CONSTANT,True,"Implementation detail: structural array size or shape parameter (e.g., number of items/facilities)."
71236,51.0,assign_to_backlog_cost,No,ARRAY_OR_DIMENSION_CONSTANT,ARRAY_OR_DIMENSION_CONSTANT,True,"Implementation detail: structural array size or shape parameter (e.g., number of items/facilities)."
71236,54.0,assign_to_backlog_cost,No,ARRAY_OR_DIMENSION_CONSTANT,ARRAY_OR_DIMENSION_CONSTANT,True,"Implementation detail: structural array size or shape parameter (e.g., number of items/facilities)."
71236,57.0,assign_to_backlog_cost,No,ARRAY_OR_DIMENSION_CONSTANT,ARRAY_OR_DIMENSION_CONSTANT,True,"Implementation detail: structural array size or shape parameter (e.g., number of items/facilities)."
71236,60.0,assign_to_backlog_cost,No,ARRAY_OR_DIMENSION_CONSTANT,ARRAY_OR_DIMENSION_CONSTANT,True,"Implementation detail: structural array size or shape parameter (e.g., number of items/facilities)."
71236,63.0,assign_to_backlog_cost | assign_to_backlog_cost,No,ARRAY_OR_DIMENSION_CONSTANT,ARRAY_OR_DIMENSION_CONSTANT,True,"Implementation detail: structural array size or shape parameter (e.g., number of items/facilities)."
71236,66.0,assign_to_backlog_cost | assign_to_backlog_cost,No,ARRAY_OR_DIMENSION_CONSTANT,ARRAY_OR_DIMENSION_CONSTANT,True,"Implementation detail: structural array size or shape parameter (e.g., number of items/facilities)."
71236,69.0,assign_to_backlog_cost | assign_to_backlog_cost,No,ARRAY_OR_DIMENSION_CONSTANT,ARRAY_OR_DIMENSION_CONSTANT,True,"Implementation detail: structural array size or shape parameter (e.g., number of items/facilities)."
71236,72.0,assign_to_backlog_cost | assign_to_backlog_cost,No,ARRAY_OR_DIMENSION_CONSTANT,ARRAY_OR_DIMENSION_CONSTANT,True,"Implementation detail: structural array size or shape parameter (e.g., number of items/facilities)."
71236,75.0,assign_to_backlog_cost | assign_to_backlog_cost,No,ARRAY_OR_DIMENSION_CONSTANT,ARRAY_OR_DIMENSION_CONSTANT,True,"Implementation detail: structural array size or shape parameter (e.g., number of items/facilities)."
71236,78.0,assign_to_backlog_cost,Yes,TEXT_SUPPORTED_EXACT,TEXT_SUPPORTED_EXACT,True,Verified in NL text: exact literal match found.
71236,10000.0,assign_to_M,No,IMPLEMENTATION_ONLY,IMPLEMENTATION_ONLY,True,"Implementation detail: helper constant (e.g., large penalty coefficient / big-M) introduced by the code generator."
46416,2.0,assign_to_companies | assign_to_products | assign_to_markets | assign_to_profit | assign_to_profit | assign_to_profit | assign_to_profit | assign_to_profit | assign_to_profit | assign_to_profit | assign_to_profit | assign_to_profit | assign_to_profit | assign_to_profit | assign_to_profit | assign_to_profit | assign_to_profit | assign_to_profit | assign_to_profit | assign_to_profit | assign_to_demand | assign_to_demand | assign_to_demand | assign_to_demand,Yes,TEXT_SUPPORTED_EXACT,TEXT_SUPPORTED_EXACT,True,Verified in NL text: exact literal match found.
46416,3.0,assign_to_companies | assign_to_markets | assign_to_profit | assign_to_profit | assign_to_profit | assign_to_profit | assign_to_profit | assign_to_profit | assign_to_profit | assign_to_profit | assign_to_profit | assign_to_profit | assign_to_profit | assign_to_profit | assign_to_profit | assign_to_profit | assign_to_profit | assign_to_demand | assign_to_demand | assign_to_demand,Yes,TEXT_SUPPORTED_EXACT,TEXT_SUPPORTED_EXACT,True,Verified in NL text: exact literal match found.
46416,4.0,assign_to_markets | assign_to_profit | assign_to_profit | assign_to_profit | assign_to_profit | assign_to_profit | assign_to_profit | assign_to_profit | assign_to_profit | assign_to_profit | assign_to_profit | assign_to_profit | assign_to_profit | assign_to_profit | assign_to_profit | assign_to_profit | assign_to_profit | assign_to_demand | assign_to_demand | assign_to_demand,Yes,TEXT_SUPPORTED_EXACT,TEXT_SUPPORTED_EXACT,True,Verified in NL text: exact literal match found.
46416,9.0,assign_to_profit | assign_to_profit | assign_to_profit | assign_to_profit | assign_to_profit | assign_to_profit,Yes,TEXT_SUPPORTED_EXACT,TEXT_SUPPORTED_EXACT,True,Verified in NL text: exact literal match found.
46416,7.0,assign_to_profit | assign_to_profit | assign_to_profit | assign_to_profit | assign_to_profit | assign_to_profit | assign_to_profit | assign_to_profit | assign_to_profit | assign_to_profit | assign_to_profit | assign_to_profit | assign_to_profit | assign_to_profit,Yes,TEXT_SUPPORTED_EXACT,TEXT_SUPPORTED_EXACT,True,Verified in NL text: exact literal match found.
46416,8.0,assign_to_profit | assign_to_profit | assign_to_profit | assign_to_profit | assign_to_profit | assign_to_profit | assign_to_profit | assign_to_profit | assign_to_profit | assign_to_profit | assign_to_profit | assign_to_profit,Yes,TEXT_SUPPORTED_EXACT,TEXT_SUPPORTED_EXACT,True,Verified in NL text: exact literal match found.
46416,6.0,assign_to_profit | assign_to_profit | assign_to_profit | assign_to_profit | assign_to_profit | assign_to_profit | assign_to_profit | assign_to_profit | assign_to_profit | assign_to_profit | assign_to_profit,No,ARRAY_OR_DIMENSION_CONSTANT,ARRAY_OR_DIMENSION_CONSTANT,True,"Implementation detail: structural array size or shape parameter (e.g., number of items/facilities)."
46416,5.0,assign_to_profit | assign_to_profit | assign_to_profit | assign_to_profit | assign_to_profit | assign_to_profit | assign_to_profit | assign_to_profit | assign_to_profit,Yes,TEXT_SUPPORTED_EXACT,TEXT_SUPPORTED_EXACT,True,Verified in NL text: exact literal match found.
46416,10.0,assign_to_profit | assign_to_profit,Yes,TEXT_SUPPORTED_EXACT,TEXT_SUPPORTED_EXACT,True,Verified in NL text: exact literal match found.
46416,15.0,assign_to_demand | assign_to_demand,Yes,TEXT_SUPPORTED_EXACT,TEXT_SUPPORTED_EXACT,True,Verified in NL text: exact literal match found.
46416,25.0,assign_to_demand,Yes,TEXT_SUPPORTED_EXACT,TEXT_SUPPORTED_EXACT,True,Verified in NL text: exact literal match found.
46416,20.0,assign_to_demand | assign_to_demand | assign_to_demand,Yes,TEXT_SUPPORTED_EXACT,TEXT_SUPPORTED_EXACT,True,Verified in NL text: exact literal match found.
46416,18.0,assign_to_demand | assign_to_demand,No,ARRAY_OR_DIMENSION_CONSTANT,ARRAY_OR_DIMENSION_CONSTANT,True,"Implementation detail: structural array size or shape parameter (e.g., number of items/facilities)."
46416,22.0,assign_to_demand,No,ARRAY_OR_DIMENSION_CONSTANT,ARRAY_OR_DIMENSION_CONSTANT,True,"Implementation detail: structural array size or shape parameter (e.g., number of items/facilities)."
46416,16.0,assign_to_demand | assign_to_demand,Yes,TEXT_SUPPORTED_EXACT,TEXT_SUPPORTED_EXACT,True,Verified in NL text: exact literal match found.
46416,24.0,assign_to_demand,No,ARRAY_OR_DIMENSION_CONSTANT,ARRAY_OR_DIMENSION_CONSTANT,True,"Implementation detail: structural array size or shape parameter (e.g., number of items/facilities)."
46416,17.0,assign_to_demand,No,ARRAY_OR_DIMENSION_CONSTANT,ARRAY_OR_DIMENSION_CONSTANT,True,"Implementation detail: structural array size or shape parameter (e.g., number of items/facilities)."
46416,19.0,assign_to_demand,No,ARRAY_OR_DIMENSION_CONSTANT,ARRAY_OR_DIMENSION_CONSTANT,True,"Implementation detail: structural array size or shape parameter (e.g., number of items/facilities)."
46416,21.0,assign_to_demand,No,ARRAY_OR_DIMENSION_CONSTANT,ARRAY_OR_DIMENSION_CONSTANT,True,"Implementation detail: structural array size or shape parameter (e.g., number of items/facilities)."
130595,1776.0,assign_to_fixed_costs,Yes,TEXT_SUPPORTED_EXACT,TEXT_SUPPORTED_EXACT,True,Verified in NL text: exact literal match found.
130595,2459.0,assign_to_fixed_costs,Yes,TEXT_SUPPORTED_EXACT,TEXT_SUPPORTED_EXACT,True,Verified in NL text: exact literal match found.
130595,1690.0,assign_to_fixed_costs,Yes,TEXT_SUPPORTED_EXACT,TEXT_SUPPORTED_EXACT,True,Verified in NL text: exact literal match found.
130595,2207.0,assign_to_fixed_costs,Yes,TEXT_SUPPORTED_EXACT,TEXT_SUPPORTED_EXACT,True,Verified in NL text: exact literal match found.
130595,1876.0,assign_to_fixed_costs,Yes,TEXT_SUPPORTED_EXACT,TEXT_SUPPORTED_EXACT,True,Verified in NL text: exact literal match found.
130595,1581.0,assign_to_fixed_costs,Yes,TEXT_SUPPORTED_EXACT,TEXT_SUPPORTED_EXACT,True,Verified in NL text: exact literal match found.
130595,2144.0,assign_to_fixed_costs,Yes,TEXT_SUPPORTED_EXACT,TEXT_SUPPORTED_EXACT,True,Verified in NL text: exact literal match found.
130595,1796.0,assign_to_fixed_costs,Yes,TEXT_SUPPORTED_EXACT,TEXT_SUPPORTED_EXACT,True,Verified in NL text: exact literal match found.
130595,1677.0,assign_to_fixed_costs,Yes,TEXT_SUPPORTED_EXACT,TEXT_SUPPORTED_EXACT,True,Verified in NL text: exact literal match found.
130595,1641.0,assign_to_fixed_costs,Yes,TEXT_SUPPORTED_EXACT,TEXT_SUPPORTED_EXACT,True,Verified in NL text: exact literal match found.
130595,2338.0,assign_to_fixed_costs,Yes,TEXT_SUPPORTED_EXACT,TEXT_SUPPORTED_EXACT,True,Verified in NL text: exact literal match found.
130595,1975.0,assign_to_fixed_costs,Yes,TEXT_SUPPORTED_EXACT,TEXT_SUPPORTED_EXACT,True,Verified in NL text: exact literal match found.
130595,1673.0,assign_to_fixed_costs,Yes,TEXT_SUPPORTED_EXACT,TEXT_SUPPORTED_EXACT,True,Verified in NL text: exact literal match found.
130595,2128.0,assign_to_fixed_costs,Yes,TEXT_SUPPORTED_EXACT,TEXT_SUPPORTED_EXACT,True,Verified in NL text: exact literal match found.
130595,2218.0,assign_to_fixed_costs,Yes,TEXT_SUPPORTED_EXACT,TEXT_SUPPORTED_EXACT,True,Verified in NL text: exact literal match found.
130595,2347.0,assign_to_fixed_costs,Yes,TEXT_SUPPORTED_EXACT,TEXT_SUPPORTED_EXACT,True,Verified in NL text: exact literal match found.
130595,1733.0,assign_to_fixed_costs,Yes,TEXT_SUPPORTED_EXACT,TEXT_SUPPORTED_EXACT,True,Verified in NL text: exact literal match found.
130595,1615.0,assign_to_fixed_costs,Yes,TEXT_SUPPORTED_EXACT,TEXT_SUPPORTED_EXACT,True,Verified in NL text: exact literal match found.
130595,2373.0,assign_to_fixed_costs,Yes,TEXT_SUPPORTED_EXACT,TEXT_SUPPORTED_EXACT,True,Verified in NL text: exact literal match found.
130595,2334.0,assign_to_fixed_costs,Yes,TEXT_SUPPORTED_EXACT,TEXT_SUPPORTED_EXACT,True,Verified in NL text: exact literal match found.
130595,2041.0,assign_to_fixed_costs,Yes,TEXT_SUPPORTED_EXACT,TEXT_SUPPORTED_EXACT,True,Verified in NL text: exact literal match found.
130595,1573.0,assign_to_fixed_costs,Yes,TEXT_SUPPORTED_EXACT,TEXT_SUPPORTED_EXACT,True,Verified in NL text: exact literal match found.
130595,2291.0,assign_to_fixed_costs,Yes,TEXT_SUPPORTED_EXACT,TEXT_SUPPORTED_EXACT,True,Verified in NL text: exact literal match found.
130595,1600.0,assign_to_fixed_costs,Yes,TEXT_SUPPORTED_EXACT,TEXT_SUPPORTED_EXACT,True,Verified in NL text: exact literal match found.
130595,56.0,assign_to_variable_costs,Yes,TEXT_SUPPORTED_EXACT,TEXT_SUPPORTED_EXACT,True,Verified in NL text: exact literal match found.
130595,48.0,assign_to_variable_costs | assign_to_variable_costs,Yes,TEXT_SUPPORTED_EXACT,TEXT_SUPPORTED_EXACT,True,Verified in NL text: exact literal match found.
130595,51.0,assign_to_variable_costs,Yes,TEXT_SUPPORTED_EXACT,TEXT_SUPPORTED_EXACT,True,Verified in NL text: exact literal match found.
130595,41.0,assign_to_variable_costs | assign_to_variable_costs | assign_to_holding_costs | assign_to_holding_costs,Yes,TEXT_SUPPORTED_EXACT,TEXT_SUPPORTED_EXACT,True,Verified in NL text: exact literal match found.
130595,40.0,assign_to_variable_costs | assign_to_variable_costs | assign_to_holding_costs | assign_to_holding_costs,Yes,TEXT_SUPPORTED_EXACT,TEXT_SUPPORTED_EXACT,True,Verified in NL text: exact literal match found.
130595,57.0,assign_to_variable_costs,Yes,TEXT_SUPPORTED_EXACT,TEXT_SUPPORTED_EXACT,True,Verified in NL text: exact literal match found.
130595,37.0,assign_to_variable_costs | assign_to_holding_costs | assign_to_holding_costs,Yes,TEXT_SUPPORTED_EXACT,TEXT_SUPPORTED_EXACT,True,Verified in NL text: exact literal match found.
130595,54.0,assign_to_variable_costs | assign_to_variable_costs,Yes,TEXT_SUPPORTED_EXACT,TEXT_SUPPORTED_EXACT,True,Verified in NL text: exact literal match found.
130595,39.0,assign_to_variable_costs | assign_to_holding_costs | assign_to_holding_costs,Yes,TEXT_SUPPORTED_EXACT,TEXT_SUPPORTED_EXACT,True,Verified in NL text: exact literal match found.
130595,36.0,assign_to_variable_costs | assign_to_variable_costs | assign_to_holding_costs,Yes,TEXT_SUPPORTED_EXACT,TEXT_SUPPORTED_EXACT,True,Verified in NL text: exact literal match found.
130595,53.0,assign_to_variable_costs,Yes,TEXT_SUPPORTED_EXACT,TEXT_SUPPORTED_EXACT,True,Verified in NL text: exact literal match found.
130595,44.0,assign_to_variable_costs | assign_to_holding_costs,Yes,TEXT_SUPPORTED_EXACT,TEXT_SUPPORTED_EXACT,True,Verified in NL text: exact literal match found.
130595,42.0,assign_to_variable_costs | assign_to_variable_costs | assign_to_variable_costs | assign_to_holding_costs | assign_to_holding_costs,Yes,TEXT_SUPPORTED_EXACT,TEXT_SUPPORTED_EXACT,True,Verified in NL text: exact literal match found.
130595,60.0,assign_to_variable_costs,Yes,TEXT_SUPPORTED_EXACT,TEXT_SUPPORTED_EXACT,True,Verified in NL text: exact literal match found.
130595,50.0,assign_to_variable_costs | assign_to_holding_costs,Yes,TEXT_SUPPORTED_EXACT,TEXT_SUPPORTED_EXACT,True,Verified in NL text: exact literal match found.
130595,47.0,assign_to_variable_costs | assign_to_holding_costs,Yes,TEXT_SUPPORTED_EXACT,TEXT_SUPPORTED_EXACT,True,Verified in NL text: exact literal match found.
130595,35.0,assign_to_variable_costs | assign_to_holding_costs,Yes,TEXT_SUPPORTED_EXACT,TEXT_SUPPORTED_EXACT,True,Verified in NL text: exact literal match found.
130595,33.0,assign_to_holding_costs,Yes,TEXT_SUPPORTED_EXACT,TEXT_SUPPORTED_EXACT,True,Verified in NL text: exact literal match found.
130595,45.0,assign_to_holding_costs | assign_to_holding_costs,Yes,TEXT_SUPPORTED_EXACT,TEXT_SUPPORTED_EXACT,True,Verified in NL text: exact literal match found.
130595,34.0,assign_to_holding_costs | assign_to_holding_costs,Yes,TEXT_SUPPORTED_EXACT,TEXT_SUPPORTED_EXACT,True,Verified in NL text: exact literal match found.
130595,27.0,assign_to_holding_costs,Yes,TEXT_SUPPORTED_EXACT,TEXT_SUPPORTED_EXACT,True,Verified in NL text: exact literal match found.
130595,32.0,assign_to_holding_costs,Yes,TEXT_SUPPORTED_EXACT,TEXT_SUPPORTED_EXACT,True,Verified in NL text: exact literal match found.
130595,30.0,assign_to_holding_costs,Yes,TEXT_SUPPORTED_EXACT,TEXT_SUPPORTED_EXACT,True,Verified in NL text: exact literal match found.
130595,28.0,assign_to_holding_costs,Yes,TEXT_SUPPORTED_EXACT,TEXT_SUPPORTED_EXACT,True,Verified in NL text: exact literal match found.
130595,169.0,assign_to_backlog_costs | assign_to_backlog_costs,Yes,TEXT_SUPPORTED_EXACT,TEXT_SUPPORTED_EXACT,True,Verified in NL text: exact literal match found.
130595,124.0,assign_to_backlog_costs,Yes,TEXT_SUPPORTED_EXACT,TEXT_SUPPORTED_EXACT,True,Verified in NL text: exact literal match found.
130595,106.0,assign_to_backlog_costs | assign_to_backlog_costs,Yes,TEXT_SUPPORTED_EXACT,TEXT_SUPPORTED_EXACT,True,Verified in NL text: exact literal match found.
130595,147.0,assign_to_backlog_costs | assign_to_backlog_costs,Yes,TEXT_SUPPORTED_EXACT,TEXT_SUPPORTED_EXACT,True,Verified in NL text: exact literal match found.
130595,125.0,assign_to_backlog_costs,Yes,TEXT_SUPPORTED_EXACT,TEXT_SUPPORTED_EXACT,True,Verified in NL text: exact literal match found.
130595,200.0,assign_to_backlog_costs | assign_to_backlog_costs,Yes,TEXT_SUPPORTED_EXACT,TEXT_SUPPORTED_EXACT,True,Verified in NL text: exact literal match found.
130595,100.0,assign_to_backlog_costs,Yes,TEXT_SUPPORTED_EXACT,TEXT_SUPPORTED_EXACT,True,Verified in NL text: exact literal match found.
130595,151.0,assign_to_backlog_costs | assign_to_backlog_costs,Yes,TEXT_SUPPORTED_EXACT,TEXT_SUPPORTED_EXACT,True,Verified in NL text: exact literal match found.
130595,167.0,assign_to_backlog_costs,Yes,TEXT_SUPPORTED_EXACT,TEXT_SUPPORTED_EXACT,True,Verified in NL text: exact literal match found.
130595,150.0,assign_to_backlog_costs,Yes,TEXT_SUPPORTED_EXACT,TEXT_SUPPORTED_EXACT,True,Verified in NL text: exact literal match found.
130595,199.0,assign_to_backlog_costs,Yes,TEXT_SUPPORTED_EXACT,TEXT_SUPPORTED_EXACT,True,Verified in NL text: exact literal match found.
130595,185.0,assign_to_backlog_costs,Yes,TEXT_SUPPORTED_EXACT,TEXT_SUPPORTED_EXACT,True,Verified in NL text: exact literal match found.
130595,114.0,assign_to_backlog_costs,Yes,TEXT_SUPPORTED_EXACT,TEXT_SUPPORTED_EXACT,True,Verified in NL text: exact literal match found.
130595,107.0,assign_to_backlog_costs,Yes,TEXT_SUPPORTED_EXACT,TEXT_SUPPORTED_EXACT,True,Verified in NL text: exact literal match found.
130595,126.0,assign_to_backlog_costs,Yes,TEXT_SUPPORTED_EXACT,TEXT_SUPPORTED_EXACT,True,Verified in NL text: exact literal match found.
130595,122.0,assign_to_backlog_costs,Yes,TEXT_SUPPORTED_EXACT,TEXT_SUPPORTED_EXACT,True,Verified in NL text: exact literal match found.
130595,194.0,assign_to_backlog_costs,Yes,TEXT_SUPPORTED_EXACT,TEXT_SUPPORTED_EXACT,True,Verified in NL text: exact literal match found.
130595,196.0,assign_to_backlog_costs,Yes,TEXT_SUPPORTED_EXACT,TEXT_SUPPORTED_EXACT,True,Verified in NL text: exact literal match found.
130595,140.0,assign_to_backlog_costs,Yes,TEXT_SUPPORTED_EXACT,TEXT_SUPPORTED_EXACT,True,Verified in NL text: exact literal match found.
130595,851.0,assign_to_demands,Yes,TEXT_SUPPORTED_EXACT,TEXT_SUPPORTED_EXACT,True,Verified in NL text: exact literal match found.
130595,1064.0,assign_to_demands,Yes,TEXT_SUPPORTED_EXACT,TEXT_SUPPORTED_EXACT,True,Verified in NL text: exact literal match found.
130595,1004.0,assign_to_demands,Yes,TEXT_SUPPORTED_EXACT,TEXT_SUPPORTED_EXACT,True,Verified in NL text: exact literal match found.
130595,755.0,assign_to_demands,Yes,TEXT_SUPPORTED_EXACT,TEXT_SUPPORTED_EXACT,True,Verified in NL text: exact literal match found.
130595,1008.0,assign_to_demands,Yes,TEXT_SUPPORTED_EXACT,TEXT_SUPPORTED_EXACT,True,Verified in NL text: exact literal match found.
130595,1090.0,assign_to_demands,Yes,TEXT_SUPPORTED_EXACT,TEXT_SUPPORTED_EXACT,True,Verified in NL text: exact literal match found.
130595,1009.0,assign_to_demands,Yes,TEXT_SUPPORTED_EXACT,TEXT_SUPPORTED_EXACT,True,Verified in NL text: exact literal match found.
130595,964.0,assign_to_demands,Yes,TEXT_SUPPORTED_EXACT,TEXT_SUPPORTED_EXACT,True,Verified in NL text: exact literal match found.
130595,1178.0,assign_to_demands,Yes,TEXT_SUPPORTED_EXACT,TEXT_SUPPORTED_EXACT,True,Verified in NL text: exact literal match found.
130595,733.0,assign_to_demands,Yes,TEXT_SUPPORTED_EXACT,TEXT_SUPPORTED_EXACT,True,Verified in NL text: exact literal match found.
130595,740.0,assign_to_demands,Yes,TEXT_SUPPORTED_EXACT,TEXT_SUPPORTED_EXACT,True,Verified in NL text: exact literal match found.
130595,1127.0,assign_to_demands,Yes,TEXT_SUPPORTED_EXACT,TEXT_SUPPORTED_EXACT,True,Verified in NL text: exact literal match found.
130595,822.0,assign_to_demands,Yes,TEXT_SUPPORTED_EXACT,TEXT_SUPPORTED_EXACT,True,Verified in NL text: exact literal match found.
130595,784.0,assign_to_demands,Yes,TEXT_SUPPORTED_EXACT,TEXT_SUPPORTED_EXACT,True,Verified in NL text: exact literal match found.
130595,1059.0,assign_to_demands,Yes,TEXT_SUPPORTED_EXACT,TEXT_SUPPORTED_EXACT,True,Verified in NL text: exact literal match found.
130595,981.0,assign_to_demands,Yes,TEXT_SUPPORTED_EXACT,TEXT_SUPPORTED_EXACT,True,Verified in NL text: exact literal match found.
130595,1043.0,assign_to_demands,Yes,TEXT_SUPPORTED_EXACT,TEXT_SUPPORTED_EXACT,True,Verified in NL text: exact literal match found.
130595,961.0,assign_to_demands,Yes,TEXT_SUPPORTED_EXACT,TEXT_SUPPORTED_EXACT,True,Verified in NL text: exact literal match found.
130595,853.0,assign_to_demands,Yes,TEXT_SUPPORTED_EXACT,TEXT_SUPPORTED_EXACT,True,Verified in NL text: exact literal match found.
130595,1148.0,assign_to_demands,Yes,TEXT_SUPPORTED_EXACT,TEXT_SUPPORTED_EXACT,True,Verified in NL text: exact literal match found.
130595,924.0,assign_to_demands,Yes,TEXT_SUPPORTED_EXACT,TEXT_SUPPORTED_EXACT,True,Verified in NL text: exact literal match found.
130595,775.0,assign_to_demands,Yes,TEXT_SUPPORTED_EXACT,TEXT_SUPPORTED_EXACT,True,Verified in NL text: exact literal match found.
130595,993.0,assign_to_demands,Yes,TEXT_SUPPORTED_EXACT,TEXT_SUPPORTED_EXACT,True,Verified in NL text: exact literal match found.
130595,1016.0,assign_to_demands,Yes,TEXT_SUPPORTED_EXACT,TEXT_SUPPORTED_EXACT,True,Verified in NL text: exact literal match found.
130595,22882.0,assign_to_M,Yes,TEXT_SUPPORTED_EXACT,TEXT_SUPPORTED_EXACT,True,Verified in NL text: exact literal match found.
130595,24.0,assign_to_y; inside_call_model.addVars | assign_to_x; inside_call_model.addVars | assign_to_I; inside_call_model.addVars | assign_to_B; inside_call_model.addVars | inside_call_range; in_range | inside_call_range; in_range | inside_call_range; in_range,Yes,TEXT_SUPPORTED_EXACT,TEXT_SUPPORTED_EXACT,True,Verified in NL text: exact literal match found.
130595,23.0,inside_call_model.addConstr; in_index | inside_call_model.addConstr; in_index,No,INDEX_OR_LOOP_BOUND,INDEX_OR_LOOP_BOUND,True,Implementation detail: range boundary or set index not expressing a model parameter in the text.
148528,154.0,assign_to_distances | assign_to_distances,Yes,TEXT_SUPPORTED_EXACT,TEXT_SUPPORTED_EXACT,True,Verified in NL text: exact literal match found.
148528,169.0,assign_to_distances | assign_to_distances | assign_to_distances,Yes,TEXT_SUPPORTED_EXACT,TEXT_SUPPORTED_EXACT,True,Verified in NL text: exact literal match found.
148528,158.0,assign_to_distances | assign_to_distances | assign_to_distances,Yes,TEXT_SUPPORTED_EXACT,TEXT_SUPPORTED_EXACT,True,Verified in NL text: exact literal match found.
148528,168.0,assign_to_distances | assign_to_distances,Yes,TEXT_SUPPORTED_EXACT,TEXT_SUPPORTED_EXACT,True,Verified in NL text: exact literal match found.
148528,164.0,assign_to_distances | assign_to_distances,Yes,TEXT_SUPPORTED_EXACT,TEXT_SUPPORTED_EXACT,True,Verified in NL text: exact literal match found.
148528,151.0,assign_to_distances,Yes,TEXT_SUPPORTED_EXACT,TEXT_SUPPORTED_EXACT,True,Verified in NL text: exact literal match found.
148528,152.0,assign_to_distances | assign_to_distances,Yes,TEXT_SUPPORTED_EXACT,TEXT_SUPPORTED_EXACT,True,Verified in NL text: exact literal match found.
148528,170.0,assign_to_distances,Yes,TEXT_SUPPORTED_EXACT,TEXT_SUPPORTED_EXACT,True,Verified in NL text: exact literal match found.
148528,160.0,assign_to_distances | assign_to_distances | assign_to_distances,Yes,TEXT_SUPPORTED_EXACT,TEXT_SUPPORTED_EXACT,True,Verified in NL text: exact literal match found.
148528,165.0,assign_to_distances | assign_to_distances,Yes,TEXT_SUPPORTED_EXACT,TEXT_SUPPORTED_EXACT,True,Verified in NL text: exact literal match found.
148528,153.0,assign_to_distances,Yes,TEXT_SUPPORTED_EXACT,TEXT_SUPPORTED_EXACT,True,Verified in NL text: exact literal match found.
148528,167.0,assign_to_distances,Yes,TEXT_SUPPORTED_EXACT,TEXT_SUPPORTED_EXACT,True,Verified in NL text: exact literal match found.
148528,159.0,assign_to_distances | assign_to_distances,Yes,TEXT_SUPPORTED_EXACT,TEXT_SUPPORTED_EXACT,True,Verified in NL text: exact literal match found.
148528,150.0,assign_to_distances,Yes,TEXT_SUPPORTED_EXACT,TEXT_SUPPORTED_EXACT,True,Verified in NL text: exact literal match found.
148528,156.0,assign_to_distances,Yes,TEXT_SUPPORTED_EXACT,TEXT_SUPPORTED_EXACT,True,Verified in NL text: exact literal match found.
148528,163.0,assign_to_distances,Yes,TEXT_SUPPORTED_EXACT,TEXT_SUPPORTED_EXACT,True,Verified in NL text: exact literal match found.
148528,166.0,assign_to_distances,Yes,TEXT_SUPPORTED_EXACT,TEXT_SUPPORTED_EXACT,True,Verified in NL text: exact literal match found.
148528,161.0,assign_to_distances,Yes,TEXT_SUPPORTED_EXACT,TEXT_SUPPORTED_EXACT,True,Verified in NL text: exact literal match found.
148528,0.5,is_x_compare,No,SOLVER_OR_API_CONSTANT,SOLVER_OR_API_CONSTANT,True,"Implementation detail: Gurobi solver parameter, status constant, or comparison threshold (e.g. status == 2 or x > 0.5)."
50095,2.0,assign_to_facilities | assign_to_customers | assign_to_fixed_costs | assign_to_capacities | assign_to_demands | assign_to_shipping_costs | assign_to_shipping_costs | assign_to_shipping_costs | assign_to_shipping_costs | assign_to_shipping_costs | assign_to_shipping_costs | assign_to_shipping_costs | assign_to_shipping_costs | assign_to_shipping_costs | assign_to_shipping_costs | assign_to_shipping_costs | assign_to_shipping_costs | assign_to_shipping_costs | assign_to_shipping_costs | assign_to_shipping_costs | assign_to_shipping_costs | assign_to_shipping_costs | assign_to_shipping_costs,Yes,TEXT_SUPPORTED_EXACT,TEXT_SUPPORTED_EXACT,True,Verified in NL text: exact literal match found.
50095,3.0,assign_to_facilities | assign_to_customers | assign_to_fixed_costs | assign_to_capacities | assign_to_demands | assign_to_shipping_costs | assign_to_shipping_costs | assign_to_shipping_costs | assign_to_shipping_costs | assign_to_shipping_costs | assign_to_shipping_costs | assign_to_shipping_costs | assign_to_shipping_costs | assign_to_shipping_costs | assign_to_shipping_costs | assign_to_shipping_costs | assign_to_shipping_costs | assign_to_shipping_costs | assign_to_shipping_costs | assign_to_shipping_costs | assign_to_shipping_costs | assign_to_shipping_costs | assign_to_shipping_costs,Yes,TEXT_SUPPORTED_EXACT,TEXT_SUPPORTED_EXACT,True,Verified in NL text: exact literal match found.
50095,4.0,assign_to_facilities | assign_to_customers | assign_to_fixed_costs | assign_to_capacities | assign_to_demands | assign_to_shipping_costs | assign_to_shipping_costs | assign_to_shipping_costs | assign_to_shipping_costs | assign_to_shipping_costs | assign_to_shipping_costs | assign_to_shipping_costs | assign_to_shipping_costs | assign_to_shipping_costs | assign_to_shipping_costs | assign_to_shipping_costs | assign_to_shipping_costs | assign_to_shipping_costs | assign_to_shipping_costs | assign_to_shipping_costs | assign_to_shipping_costs | assign_to_shipping_costs | assign_to_shipping_costs,Yes,TEXT_SUPPORTED_EXACT,TEXT_SUPPORTED_EXACT,True,Verified in NL text: exact literal match found.
50095,5.0,assign_to_facilities | assign_to_customers | assign_to_fixed_costs | assign_to_capacities | assign_to_demands | assign_to_shipping_costs | assign_to_shipping_costs | assign_to_shipping_costs | assign_to_shipping_costs | assign_to_shipping_costs | assign_to_shipping_costs | assign_to_shipping_costs | assign_to_shipping_costs | assign_to_shipping_costs | assign_to_shipping_costs | assign_to_shipping_costs | assign_to_shipping_costs | assign_to_shipping_costs | assign_to_shipping_costs | assign_to_shipping_costs | assign_to_shipping_costs | assign_to_shipping_costs | assign_to_shipping_costs,Yes,TEXT_SUPPORTED_EXACT,TEXT_SUPPORTED_EXACT,True,Verified in NL text: exact literal match found.
50095,6.0,assign_to_customers | assign_to_demands | assign_to_shipping_costs | assign_to_shipping_costs | assign_to_shipping_costs | assign_to_shipping_costs | assign_to_shipping_costs | assign_to_shipping_costs,Yes,TEXT_SUPPORTED_EXACT,TEXT_SUPPORTED_EXACT,True,Verified in NL text: exact literal match found.
50095,7.0,assign_to_customers | assign_to_demands | assign_to_shipping_costs | assign_to_shipping_costs | assign_to_shipping_costs | assign_to_shipping_costs | assign_to_shipping_costs | assign_to_shipping_costs,Yes,TEXT_SUPPORTED_EXACT,TEXT_SUPPORTED_EXACT,True,Verified in NL text: exact literal match found.
50095,8.0,assign_to_customers | assign_to_demands | assign_to_shipping_costs | assign_to_shipping_costs | assign_to_shipping_costs | assign_to_shipping_costs | assign_to_shipping_costs | assign_to_shipping_costs,Yes,TEXT_SUPPORTED_EXACT,TEXT_SUPPORTED_EXACT,True,Verified in NL text: exact literal match found.
50095,9.0,assign_to_customers | assign_to_demands | assign_to_shipping_costs | assign_to_shipping_costs | assign_to_shipping_costs | assign_to_shipping_costs | assign_to_shipping_costs | assign_to_shipping_costs,Yes,TEXT_SUPPORTED_EXACT,TEXT_SUPPORTED_EXACT,True,Verified in NL text: exact literal match found.
50095,10.0,assign_to_customers | assign_to_demands | assign_to_shipping_costs | assign_to_shipping_costs | assign_to_shipping_costs | assign_to_shipping_costs | assign_to_shipping_costs | assign_to_shipping_costs,Yes,TEXT_SUPPORTED_EXACT,TEXT_SUPPORTED_EXACT,True,Verified in NL text: exact literal match found.
50095,11.0,assign_to_customers | assign_to_demands | assign_to_shipping_costs | assign_to_shipping_costs | assign_to_shipping_costs | assign_to_shipping_costs | assign_to_shipping_costs | assign_to_shipping_costs,Yes,TEXT_SUPPORTED_EXACT,TEXT_SUPPORTED_EXACT,True,Verified in NL text: exact literal match found.
50095,98046.0,assign_to_fixed_costs,Yes,TEXT_SUPPORTED_EXACT,TEXT_SUPPORTED_EXACT,True,Verified in NL text: exact literal match found.
50095,96347.0,assign_to_fixed_costs,Yes,TEXT_SUPPORTED_EXACT,TEXT_SUPPORTED_EXACT,True,Verified in NL text: exact literal match found.
50095,102256.0,assign_to_fixed_costs,Yes,TEXT_SUPPORTED_EXACT,TEXT_SUPPORTED_EXACT,True,Verified in NL text: exact literal match found.
50095,95084.0,assign_to_fixed_costs,Yes,TEXT_SUPPORTED_EXACT,TEXT_SUPPORTED_EXACT,True,Verified in NL text: exact literal match found.
50095,95397.0,assign_to_fixed_costs,Yes,TEXT_SUPPORTED_EXACT,TEXT_SUPPORTED_EXACT,True,Verified in NL text: exact literal match found.
50095,101161.0,assign_to_fixed_costs,Yes,TEXT_SUPPORTED_EXACT,TEXT_SUPPORTED_EXACT,True,Verified in NL text: exact literal match found.
50095,959.0,assign_to_capacities,Yes,TEXT_SUPPORTED_EXACT,TEXT_SUPPORTED_EXACT,True,Verified in NL text: exact literal match found.
50095,955.0,assign_to_capacities,Yes,TEXT_SUPPORTED_EXACT,TEXT_SUPPORTED_EXACT,True,Verified in NL text: exact literal match found.
50095,1008.0,assign_to_capacities,Yes,TEXT_SUPPORTED_EXACT,TEXT_SUPPORTED_EXACT,True,Verified in NL text: exact literal match found.
50095,993.0,assign_to_capacities,Yes,TEXT_SUPPORTED_EXACT,TEXT_SUPPORTED_EXACT,True,Verified in NL text: exact literal match found.
50095,974.0,assign_to_capacities,Yes,TEXT_SUPPORTED_EXACT,TEXT_SUPPORTED_EXACT,True,Verified in NL text: exact literal match found.
50095,969.0,assign_to_capacities,Yes,TEXT_SUPPORTED_EXACT,TEXT_SUPPORTED_EXACT,True,Verified in NL text: exact literal match found.
50095,378.0,assign_to_demands,Yes,TEXT_SUPPORTED_EXACT,TEXT_SUPPORTED_EXACT,True,Verified in NL text: exact literal match found.
50095,389.0,assign_to_demands,Yes,TEXT_SUPPORTED_EXACT,TEXT_SUPPORTED_EXACT,True,Verified in NL text: exact literal match found.
50095,382.0,assign_to_demands,Yes,TEXT_SUPPORTED_EXACT,TEXT_SUPPORTED_EXACT,True,Verified in NL text: exact literal match found.
50095,405.0,assign_to_demands,Yes,TEXT_SUPPORTED_EXACT,TEXT_SUPPORTED_EXACT,True,Verified in NL text: exact literal match found.
50095,386.0,assign_to_demands,Yes,TEXT_SUPPORTED_EXACT,TEXT_SUPPORTED_EXACT,True,Verified in NL text: exact literal match found.
50095,384.0,assign_to_demands | assign_to_demands,Yes,TEXT_SUPPORTED_EXACT,TEXT_SUPPORTED_EXACT,True,Verified in NL text: exact literal match found.
50095,396.0,assign_to_demands,Yes,TEXT_SUPPORTED_EXACT,TEXT_SUPPORTED_EXACT,True,Verified in NL text: exact literal match found.
50095,402.0,assign_to_demands,Yes,TEXT_SUPPORTED_EXACT,TEXT_SUPPORTED_EXACT,True,Verified in NL text: exact literal match found.
50095,419.0,assign_to_demands,Yes,TEXT_SUPPORTED_EXACT,TEXT_SUPPORTED_EXACT,True,Verified in NL text: exact literal match found.
50095,395.0,assign_to_demands,Yes,TEXT_SUPPORTED_EXACT,TEXT_SUPPORTED_EXACT,True,Verified in NL text: exact literal match found.
50095,380.0,assign_to_demands,Yes,TEXT_SUPPORTED_EXACT,TEXT_SUPPORTED_EXACT,True,Verified in NL text: exact literal match found.
50095,70.0,assign_to_shipping_costs | assign_to_shipping_costs | assign_to_shipping_costs | assign_to_shipping_costs | assign_to_shipping_costs,Yes,TEXT_SUPPORTED_EXACT,TEXT_SUPPORTED_EXACT,True,Verified in NL text: exact literal match found.
50095,67.0,assign_to_shipping_costs | assign_to_shipping_costs | assign_to_shipping_costs | assign_to_shipping_costs | assign_to_shipping_costs | assign_to_shipping_costs | assign_to_shipping_costs | assign_to_shipping_costs | assign_to_shipping_costs,Yes,TEXT_SUPPORTED_EXACT,TEXT_SUPPORTED_EXACT,True,Verified in NL text: exact literal match found.
50095,61.0,assign_to_shipping_costs | assign_to_shipping_costs | assign_to_shipping_costs | assign_to_shipping_costs | assign_to_shipping_costs | assign_to_shipping_costs | assign_to_shipping_costs | assign_to_shipping_costs | assign_to_shipping_costs,Yes,TEXT_SUPPORTED_EXACT,TEXT_SUPPORTED_EXACT,True,Verified in NL text: exact literal match found.
50095,68.0,assign_to_shipping_costs | assign_to_shipping_costs | assign_to_shipping_costs | assign_to_shipping_costs | assign_to_shipping_costs,Yes,TEXT_SUPPORTED_EXACT,TEXT_SUPPORTED_EXACT,True,Verified in NL text: exact literal match found.
50095,63.0,assign_to_shipping_costs | assign_to_shipping_costs | assign_to_shipping_costs | assign_to_shipping_costs | assign_to_shipping_costs,Yes,TEXT_SUPPORTED_EXACT,TEXT_SUPPORTED_EXACT,True,Verified in NL text: exact literal match found.
50095,62.0,assign_to_shipping_costs | assign_to_shipping_costs | assign_to_shipping_costs | assign_to_shipping_costs | assign_to_shipping_costs | assign_to_shipping_costs | assign_to_shipping_costs | assign_to_shipping_costs,Yes,TEXT_SUPPORTED_EXACT,TEXT_SUPPORTED_EXACT,True,Verified in NL text: exact literal match found.
50095,66.0,assign_to_shipping_costs | assign_to_shipping_costs | assign_to_shipping_costs | assign_to_shipping_costs | assign_to_shipping_costs | assign_to_shipping_costs | assign_to_shipping_costs,Yes,TEXT_SUPPORTED_EXACT,TEXT_SUPPORTED_EXACT,True,Verified in NL text: exact literal match found.
50095,60.0,assign_to_shipping_costs | assign_to_shipping_costs | assign_to_shipping_costs | assign_to_shipping_costs | assign_to_shipping_costs | assign_to_shipping_costs | assign_to_shipping_costs | assign_to_shipping_costs | assign_to_shipping_costs | assign_to_shipping_costs | assign_to_shipping_costs,Yes,TEXT_SUPPORTED_EXACT,TEXT_SUPPORTED_EXACT,True,Verified in NL text: exact literal match found.
50095,69.0,assign_to_shipping_costs | assign_to_shipping_costs | assign_to_shipping_costs | assign_to_shipping_costs | assign_to_shipping_costs | assign_to_shipping_costs,Yes,TEXT_SUPPORTED_EXACT,TEXT_SUPPORTED_EXACT,True,Verified in NL text: exact literal match found.
50095,65.0,assign_to_shipping_costs | assign_to_shipping_costs | assign_to_shipping_costs | assign_to_shipping_costs,Yes,TEXT_SUPPORTED_EXACT,TEXT_SUPPORTED_EXACT,True,Verified in NL text: exact literal match found.
50095,64.0,assign_to_shipping_costs | assign_to_shipping_costs | assign_to_shipping_costs,Yes,TEXT_SUPPORTED_EXACT,TEXT_SUPPORTED_EXACT,True,Verified in NL text: exact literal match found.
50095,0.5,is_x_compare,No,SOLVER_OR_API_CONSTANT,SOLVER_OR_API_CONSTANT,True,"Implementation detail: Gurobi solver parameter, status constant, or comparison threshold (e.g. status == 2 or x > 0.5)."
115221,15.0,assign_to_facilities; inside_call_range; in_range | assign_to_services,Yes,TEXT_SUPPORTED_EXACT,TEXT_SUPPORTED_EXACT,True,Verified in NL text: exact literal match found.
115221,2.0,assign_to_costs | assign_to_costs | assign_to_costs | assign_to_services | assign_to_services | assign_to_services | assign_to_services | assign_to_services | assign_to_services | assign_to_services | assign_to_services | assign_to_services | assign_to_services | assign_to_services | assign_to_services | assign_to_services | assign_to_services | assign_to_services | assign_to_services | assign_to_services | assign_to_services | assign_to_services,Yes,TEXT_SUPPORTED_EXACT,TEXT_SUPPORTED_EXACT,True,Verified in NL text: exact literal match found.
115221,3.0,assign_to_costs | assign_to_costs | assign_to_costs | assign_to_services | assign_to_services | assign_to_services | assign_to_services | assign_to_services | assign_to_services | assign_to_services | assign_to_services | assign_to_services | assign_to_services | assign_to_services | assign_to_services | assign_to_services | assign_to_services | assign_to_services | assign_to_services | assign_to_services | assign_to_services | assign_to_services | assign_to_services,Yes,TEXT_SUPPORTED_EXACT,TEXT_SUPPORTED_EXACT,True,Verified in NL text: exact literal match found.
115221,4.0,assign_to_costs | assign_to_costs | assign_to_costs | assign_to_costs | assign_to_services | assign_to_services | assign_to_services | assign_to_services | assign_to_services | assign_to_services | assign_to_services | assign_to_services | assign_to_services | assign_to_services | assign_to_services | assign_to_services | assign_to_services,Yes,TEXT_SUPPORTED_EXACT,TEXT_SUPPORTED_EXACT,True,Verified in NL text: exact literal match found.
115221,5.0,assign_to_costs | assign_to_costs | assign_to_services | assign_to_services | assign_to_services | assign_to_services | assign_to_services | assign_to_services | assign_to_services | assign_to_services,Yes,TEXT_SUPPORTED_EXACT,TEXT_SUPPORTED_EXACT,True,Verified in NL text: exact literal match found.
115221,6.0,assign_to_costs | assign_to_services | assign_to_services | assign_to_services | assign_to_services | assign_to_services | assign_to_services | assign_to_services | assign_to_services | assign_to_services,Yes,TEXT_SUPPORTED_EXACT,TEXT_SUPPORTED_EXACT,True,Verified in NL text: exact literal match found.
115221,7.0,assign_to_costs | assign_to_services | assign_to_services | assign_to_services | assign_to_services | assign_to_services | assign_to_services,Yes,TEXT_SUPPORTED_EXACT,TEXT_SUPPORTED_EXACT,True,Verified in NL text: exact literal match found.
115221,8.0,assign_to_costs | assign_to_services | assign_to_services | assign_to_services | assign_to_services | assign_to_services,Yes,TEXT_SUPPORTED_EXACT,TEXT_SUPPORTED_EXACT,True,Verified in NL text: exact literal match found.
115221,9.0,assign_to_costs | assign_to_services | assign_to_services | assign_to_services | assign_to_services | assign_to_services | assign_to_services | assign_to_services | assign_to_services,Yes,TEXT_SUPPORTED_EXACT,TEXT_SUPPORTED_EXACT,True,Verified in NL text: exact literal match found.
115221,10.0,assign_to_costs | assign_to_services | assign_to_services | assign_to_services | assign_to_services | assign_to_services | assign_to_services | assign_to_services | assign_to_services | assign_to_services,Yes,TEXT_SUPPORTED_EXACT,TEXT_SUPPORTED_EXACT,True,Verified in NL text: exact literal match found.
115221,11.0,assign_to_costs | assign_to_services | assign_to_services | assign_to_services | assign_to_services | assign_to_services | assign_to_services | assign_to_services | assign_to_services | assign_to_services,Yes,TEXT_SUPPORTED_EXACT,TEXT_SUPPORTED_EXACT,True,Verified in NL text: exact literal match found.
115221,12.0,assign_to_costs | assign_to_services | assign_to_services | assign_to_services | assign_to_services | assign_to_services | assign_to_services | assign_to_services | assign_to_services,Yes,TEXT_SUPPORTED_EXACT,TEXT_SUPPORTED_EXACT,True,Verified in NL text: exact literal match found.
115221,13.0,assign_to_costs | assign_to_services | assign_to_services | assign_to_services | assign_to_services | assign_to_services | assign_to_services | assign_to_services | assign_to_services | assign_to_services,Yes,TEXT_SUPPORTED_EXACT,TEXT_SUPPORTED_EXACT,True,Verified in NL text: exact literal match found.
115221,14.0,assign_to_costs | assign_to_services | assign_to_services | assign_to_services | assign_to_services | assign_to_services | assign_to_services | assign_to_services,Yes,TEXT_SUPPORTED_EXACT,TEXT_SUPPORTED_EXACT,True,Verified in NL text: exact literal match found.
115221,16.0,assign_to_services,Yes,TEXT_SUPPORTED_EXACT,TEXT_SUPPORTED_EXACT,True,Verified in NL text: exact literal match found.
115221,17.0,assign_to_services,Yes,TEXT_SUPPORTED_EXACT,TEXT_SUPPORTED_EXACT,True,Verified in NL text: exact literal match found.
115221,18.0,assign_to_services,Yes,TEXT_SUPPORTED_EXACT,TEXT_SUPPORTED_EXACT,True,Verified in NL text: exact literal match found.
115221,19.0,assign_to_services,Yes,TEXT_SUPPORTED_EXACT,TEXT_SUPPORTED_EXACT,True,Verified in NL text: exact literal match found.
115221,0.5,none,No,IMPLEMENTATION_ONLY,IMPLEMENTATION_ONLY,True,"Implementation detail: helper constant (e.g., large penalty coefficient / big-M) introduced by the code generator."
117528,2.0,assign_to_costs | assign_to_costs | assign_to_costs | assign_to_costs | assign_to_costs | assign_to_costs | assign_to_costs | assign_to_costs | assign_to_costs | inside_call_model.addConstr | inside_call_model.addConstr; in_index | inside_call_model.addConstr | inside_call_model.addConstr; in_index | inside_call_model.addConstr; in_index,Yes,TEXT_SUPPORTED_EXACT,TEXT_SUPPORTED_EXACT,True,Verified in NL text: exact literal match found.
117528,3.0,assign_to_costs | assign_to_costs | assign_to_costs | assign_to_costs | assign_to_costs | assign_to_costs | assign_to_costs | assign_to_costs | assign_to_costs | inside_call_model.addConstr | inside_call_model.addConstr; in_index | inside_call_model.addConstr; in_index | inside_call_model.addConstr; in_index | inside_call_model.addConstr; in_index | inside_call_model.addConstr; in_index | inside_call_model.addConstr; in_index | inside_call_model.addConstr; in_index | inside_call_model.addConstr; in_index,Yes,TEXT_SUPPORTED_EXACT,TEXT_SUPPORTED_EXACT,True,Verified in NL text: exact literal match found.
117528,4.0,assign_to_costs | assign_to_costs | assign_to_costs | assign_to_costs | inside_call_range; in_range | inside_call_range; in_range | inside_call_range; in_range | inside_call_model.addConstr; in_index | inside_call_model.addConstr; in_index | inside_call_range; in_range,Yes,TEXT_SUPPORTED_EXACT,TEXT_SUPPORTED_EXACT,True,Verified in NL text: exact literal match found.
117528,0.5318009888741322,assign_to_costs,Yes,TEXT_SUPPORTED_EXACT,TEXT_SUPPORTED_EXACT,True,Verified in NL text: exact literal match found.
117528,0.6980967310998284,assign_to_costs,Yes,TEXT_SUPPORTED_EXACT,TEXT_SUPPORTED_EXACT,True,Verified in NL text: exact literal match found.
117528,0.594757189474746,assign_to_costs,Yes,TEXT_SUPPORTED_EXACT,TEXT_SUPPORTED_EXACT,True,Verified in NL text: exact literal match found.
117528,0.524719481157576,assign_to_costs,Yes,TEXT_SUPPORTED_EXACT,TEXT_SUPPORTED_EXACT,True,Verified in NL text: exact literal match found.
117528,0.5377435292261865,assign_to_costs,Yes,TEXT_SUPPORTED_EXACT,TEXT_SUPPORTED_EXACT,True,Verified in NL text: exact literal match found.
117528,0.6511911420867327,assign_to_costs,Yes,TEXT_SUPPORTED_EXACT,TEXT_SUPPORTED_EXACT,True,Verified in NL text: exact literal match found.
117528,0.59870666481416,assign_to_costs,Yes,TEXT_SUPPORTED_EXACT,TEXT_SUPPORTED_EXACT,True,Verified in NL text: exact literal match found.
117528,0.6402983291591866,assign_to_costs,Yes,TEXT_SUPPORTED_EXACT,TEXT_SUPPORTED_EXACT,True,Verified in NL text: exact literal match found.
117528,0.6826650742579831,assign_to_costs,Yes,TEXT_SUPPORTED_EXACT,TEXT_SUPPORTED_EXACT,True,Verified in NL text: exact literal match found.
117528,0.6658717254528888,assign_to_costs,Yes,TEXT_SUPPORTED_EXACT,TEXT_SUPPORTED_EXACT,True,Verified in NL text: exact literal match found.
117528,0.6760442811631086,assign_to_costs,Yes,TEXT_SUPPORTED_EXACT,TEXT_SUPPORTED_EXACT,True,Verified in NL text: exact literal match found.
117528,0.6346244207083631,assign_to_costs,Yes,TEXT_SUPPORTED_EXACT,TEXT_SUPPORTED_EXACT,True,Verified in NL text: exact literal match found.
117528,0.5266754778226117,assign_to_costs,Yes,TEXT_SUPPORTED_EXACT,TEXT_SUPPORTED_EXACT,True,Verified in NL text: exact literal match found.
117528,0.5961910330638084,assign_to_costs,Yes,TEXT_SUPPORTED_EXACT,TEXT_SUPPORTED_EXACT,True,Verified in NL text: exact literal match found.
117528,0.666891261697794,assign_to_costs,Yes,TEXT_SUPPORTED_EXACT,TEXT_SUPPORTED_EXACT,True,Verified in NL text: exact literal match found.
117528,0.6867910306446938,assign_to_costs,Yes,TEXT_SUPPORTED_EXACT,TEXT_SUPPORTED_EXACT,True,Verified in NL text: exact literal match found.
117528,0.6840499705306026,assign_to_costs,Yes,TEXT_SUPPORTED_EXACT,TEXT_SUPPORTED_EXACT,True,Verified in NL text: exact literal match found.
117528,0.5315233514855021,assign_to_costs,Yes,TEXT_SUPPORTED_EXACT,TEXT_SUPPORTED_EXACT,True,Verified in NL text: exact literal match found.
117528,0.5818046362555426,assign_to_costs,Yes,TEXT_SUPPORTED_EXACT,TEXT_SUPPORTED_EXACT,True,Verified in NL text: exact literal match found.
117528,0.5670080017855526,assign_to_costs,Yes,TEXT_SUPPORTED_EXACT,TEXT_SUPPORTED_EXACT,True,Verified in NL text: exact literal match found.
117528,5.0,inside_call_range; in_range | inside_call_range; in_range | inside_call_range; in_range | inside_call_range; in_range,Yes,TEXT_SUPPORTED_EXACT,TEXT_SUPPORTED_EXACT,True,Verified in NL text: exact literal match found.
117528,0.5,is_x_compare,No,SOLVER_OR_API_CONSTANT,SOLVER_OR_API_CONSTANT,True,"Implementation detail: Gurobi solver parameter, status constant, or comparison threshold (e.g. status == 2 or x > 0.5)."
180005,2.0,assign_to_cities | assign_to_cost | assign_to_cost | assign_to_cost | assign_to_cost | inside_call_model.addConstr,Yes,TEXT_SUPPORTED_EXACT,TEXT_SUPPORTED_EXACT,True,Verified in NL text: exact literal match found.
180005,212.0,assign_to_cost,Yes,TEXT_SUPPORTED_EXACT,TEXT_SUPPORTED_EXACT,True,Verified in NL text: exact literal match found.
180005,28.0,assign_to_cost,Yes,TEXT_SUPPORTED_EXACT,TEXT_SUPPORTED_EXACT,True,Verified in NL text: exact literal match found.
180005,157.0,assign_to_cost,Yes,TEXT_SUPPORTED_EXACT,TEXT_SUPPORTED_EXACT,True,Verified in NL text: exact literal match found.
180005,368.0,assign_to_cost,Yes,TEXT_SUPPORTED_EXACT,TEXT_SUPPORTED_EXACT,True,Verified in NL text: exact literal match found.
180005,921.0,assign_to_cost,Yes,TEXT_SUPPORTED_EXACT,TEXT_SUPPORTED_EXACT,True,Verified in NL text: exact literal match found.
180005,24.0,assign_to_cost,Yes,TEXT_SUPPORTED_EXACT,TEXT_SUPPORTED_EXACT,True,Verified in NL text: exact literal match found.
180005,3.0,inside_call_model.addConstr,Yes,TEXT_SUPPORTED_NORMALIZED,TEXT_SUPPORTED_NORMALIZED,True,"Verified in NL text: value matches in normalized format (written word, percentage, or currency)."
180005,0.5,none,No,IMPLEMENTATION_ONLY,IMPLEMENTATION_ONLY,True,"Implementation detail: helper constant (e.g., large penalty coefficient / big-M) introduced by the code generator."
11025,145.0,assign_to_supply,Yes,TEXT_SUPPORTED_EXACT,TEXT_SUPPORTED_EXACT,True,Verified in NL text: exact literal match found.
11025,282.0,assign_to_supply,Yes,TEXT_SUPPORTED_EXACT,TEXT_SUPPORTED_EXACT,True,Verified in NL text: exact literal match found.
11025,304.0,assign_to_supply,Yes,TEXT_SUPPORTED_EXACT,TEXT_SUPPORTED_EXACT,True,Verified in NL text: exact literal match found.
11025,345.0,assign_to_supply,Yes,TEXT_SUPPORTED_EXACT,TEXT_SUPPORTED_EXACT,True,Verified in NL text: exact literal match found.
11025,310.0,assign_to_supply,Yes,TEXT_SUPPORTED_EXACT,TEXT_SUPPORTED_EXACT,True,Verified in NL text: exact literal match found.
11025,288.0,assign_to_supply,Yes,TEXT_SUPPORTED_EXACT,TEXT_SUPPORTED_EXACT,True,Verified in NL text: exact literal match found.
11025,286.0,assign_to_supply,Yes,TEXT_SUPPORTED_EXACT,TEXT_SUPPORTED_EXACT,True,Verified in NL text: exact literal match found.
11025,280.0,assign_to_supply | assign_to_demand,Yes,TEXT_SUPPORTED_EXACT,TEXT_SUPPORTED_EXACT,True,Verified in NL text: exact literal match found.
11025,341.0,assign_to_supply,Yes,TEXT_SUPPORTED_EXACT,TEXT_SUPPORTED_EXACT,True,Verified in NL text: exact literal match found.
11025,295.0,assign_to_supply,Yes,TEXT_SUPPORTED_EXACT,TEXT_SUPPORTED_EXACT,True,Verified in NL text: exact literal match found.
11025,289.0,assign_to_supply,Yes,TEXT_SUPPORTED_EXACT,TEXT_SUPPORTED_EXACT,True,Verified in NL text: exact literal match found.
11025,348.0,assign_to_supply,Yes,TEXT_SUPPORTED_EXACT,TEXT_SUPPORTED_EXACT,True,Verified in NL text: exact literal match found.
11025,308.0,assign_to_demand,Yes,TEXT_SUPPORTED_EXACT,TEXT_SUPPORTED_EXACT,True,Verified in NL text: exact literal match found.
11025,283.0,assign_to_demand | assign_to_demand,Yes,TEXT_SUPPORTED_EXACT,TEXT_SUPPORTED_EXACT,True,Verified in NL text: exact literal match found.
11025,269.0,assign_to_demand,Yes,TEXT_SUPPORTED_EXACT,TEXT_SUPPORTED_EXACT,True,Verified in NL text: exact literal match found.
11025,320.0,assign_to_demand,Yes,TEXT_SUPPORTED_EXACT,TEXT_SUPPORTED_EXACT,True,Verified in NL text: exact literal match found.
11025,330.0,assign_to_demand,Yes,TEXT_SUPPORTED_EXACT,TEXT_SUPPORTED_EXACT,True,Verified in NL text: exact literal match found.
11025,266.0,assign_to_demand,Yes,TEXT_SUPPORTED_EXACT,TEXT_SUPPORTED_EXACT,True,Verified in NL text: exact literal match found.
11025,306.0,assign_to_demand,Yes,TEXT_SUPPORTED_EXACT,TEXT_SUPPORTED_EXACT,True,Verified in NL text: exact literal match found.
11025,298.0,assign_to_demand,Yes,TEXT_SUPPORTED_EXACT,TEXT_SUPPORTED_EXACT,True,Verified in NL text: exact literal match found.
11025,267.0,assign_to_demand,Yes,TEXT_SUPPORTED_EXACT,TEXT_SUPPORTED_EXACT,True,Verified in NL text: exact literal match found.
11025,303.0,assign_to_demand,Yes,TEXT_SUPPORTED_EXACT,TEXT_SUPPORTED_EXACT,True,Verified in NL text: exact literal match found.
11025,34.0,assign_to_cost | assign_to_cost | assign_to_cost | assign_to_cost | assign_to_cost | assign_to_cost | assign_to_cost | assign_to_cost | assign_to_cost | assign_to_cost | assign_to_cost | assign_to_cost | assign_to_cost | assign_to_cost | assign_to_cost | assign_to_cost,Yes,TEXT_SUPPORTED_EXACT,TEXT_SUPPORTED_EXACT,True,Verified in NL text: exact literal match found.
11025,29.0,assign_to_cost | assign_to_cost | assign_to_cost | assign_to_cost | assign_to_cost | assign_to_cost | assign_to_cost | assign_to_cost,Yes,TEXT_SUPPORTED_EXACT,TEXT_SUPPORTED_EXACT,True,Verified in NL text: exact literal match found.
11025,31.0,assign_to_cost | assign_to_cost | assign_to_cost | assign_to_cost | assign_to_cost | assign_to_cost | assign_to_cost | assign_to_cost | assign_to_cost | assign_to_cost | assign_to_cost | assign_to_cost | assign_to_cost | assign_to_cost | assign_to_cost,Yes,TEXT_SUPPORTED_EXACT,TEXT_SUPPORTED_EXACT,True,Verified in NL text: exact literal match found.
11025,30.0,assign_to_cost | assign_to_cost | assign_to_cost | assign_to_cost | assign_to_cost | assign_to_cost | assign_to_cost | assign_to_cost | assign_to_cost | assign_to_cost | assign_to_cost | assign_to_cost | assign_to_cost | assign_to_cost | assign_to_cost | assign_to_cost | assign_to_cost | assign_to_cost,Yes,TEXT_SUPPORTED_EXACT,TEXT_SUPPORTED_EXACT,True,Verified in NL text: exact literal match found.
11025,35.0,assign_to_cost | assign_to_cost | assign_to_cost | assign_to_cost | assign_to_cost | assign_to_cost | assign_to_cost | assign_to_cost | assign_to_cost | assign_to_cost,Yes,TEXT_SUPPORTED_EXACT,TEXT_SUPPORTED_EXACT,True,Verified in NL text: exact literal match found.
11025,33.0,assign_to_cost | assign_to_cost | assign_to_cost | assign_to_cost | assign_to_cost | assign_to_cost | assign_to_cost | assign_to_cost | assign_to_cost | assign_to_cost | assign_to_cost | assign_to_cost | assign_to_cost,Yes,TEXT_SUPPORTED_EXACT,TEXT_SUPPORTED_EXACT,True,Verified in NL text: exact literal match found.
11025,26.0,assign_to_cost | assign_to_cost | assign_to_cost | assign_to_cost | assign_to_cost,Yes,TEXT_SUPPORTED_EXACT,TEXT_SUPPORTED_EXACT,True,Verified in NL text: exact literal match found.
11025,28.0,assign_to_cost | assign_to_cost | assign_to_cost | assign_to_cost | assign_to_cost | assign_to_cost | assign_to_cost | assign_to_cost | assign_to_cost | assign_to_cost | assign_to_cost,Yes,TEXT_SUPPORTED_EXACT,TEXT_SUPPORTED_EXACT,True,Verified in NL text: exact literal match found.
11025,25.0,assign_to_cost | assign_to_cost | assign_to_cost | assign_to_cost | assign_to_cost | assign_to_cost | assign_to_cost | assign_to_cost | assign_to_cost | assign_to_cost | assign_to_cost | assign_to_cost | assign_to_cost | assign_to_cost | assign_to_cost | assign_to_cost | assign_to_cost | assign_to_cost,Yes,TEXT_SUPPORTED_EXACT,TEXT_SUPPORTED_EXACT,True,Verified in NL text: exact literal match found.
11025,27.0,assign_to_cost | assign_to_cost | assign_to_cost | assign_to_cost | assign_to_cost | assign_to_cost | assign_to_cost | assign_to_cost | assign_to_cost | assign_to_cost | assign_to_cost | assign_to_cost | assign_to_cost | assign_to_cost | assign_to_cost | assign_to_cost | assign_to_cost | assign_to_cost,Yes,TEXT_SUPPORTED_EXACT,TEXT_SUPPORTED_EXACT,True,Verified in NL text: exact literal match found.
11025,32.0,assign_to_cost | assign_to_cost | assign_to_cost | assign_to_cost | assign_to_cost | assign_to_cost | assign_to_cost | assign_to_cost | assign_to_cost | assign_to_cost | assign_to_cost | assign_to_cost,Yes,TEXT_SUPPORTED_EXACT,TEXT_SUPPORTED_EXACT,True,Verified in NL text: exact literal match found.
11025,12.0,assign_to_x; inside_call_model.addVars | assign_to_x; inside_call_model.addVars | inside_call_range; in_range | inside_call_range; in_range | inside_call_range; in_range | inside_call_range; in_range | inside_call_range; in_range | inside_call_range; in_range | inside_call_range; in_range | inside_call_range; in_range | inside_call_range; in_range | inside_call_range; in_range,Yes,TEXT_SUPPORTED_EXACT,TEXT_SUPPORTED_EXACT,True,Verified in NL text: exact literal match found.
9027,2.0,assign_to_companies | assign_to_products | assign_to_profit | assign_to_profit | assign_to_profit | assign_to_profit | assign_to_profit | assign_to_demand,Yes,TEXT_SUPPORTED_EXACT,TEXT_SUPPORTED_EXACT,True,Verified in NL text: exact literal match found.
9027,3.0,assign_to_companies | assign_to_profit | assign_to_profit | assign_to_profit | assign_to_profit,Yes,TEXT_SUPPORTED_EXACT,TEXT_SUPPORTED_EXACT,True,Verified in NL text: exact literal match found.
9027,4.0,assign_to_profit | assign_to_profit | assign_to_profit | assign_to_profit | assign_to_profit,Yes,TEXT_SUPPORTED_EXACT,TEXT_SUPPORTED_EXACT,True,Verified in NL text: exact literal match found.
9027,6.0,assign_to_profit | assign_to_profit | assign_to_profit | assign_to_profit | assign_to_profit,Yes,TEXT_SUPPORTED_EXACT,TEXT_SUPPORTED_EXACT,True,Verified in NL text: exact literal match found.
9027,7.0,assign_to_profit | assign_to_profit | assign_to_profit,Yes,TEXT_SUPPORTED_EXACT,TEXT_SUPPORTED_EXACT,True,Verified in NL text: exact literal match found.
9027,10.0,assign_to_profit | assign_to_profit,Yes,TEXT_SUPPORTED_EXACT,TEXT_SUPPORTED_EXACT,True,Verified in NL text: exact literal match found.
9027,5.0,assign_to_profit | assign_to_profit,Yes,TEXT_SUPPORTED_EXACT,TEXT_SUPPORTED_EXACT,True,Verified in NL text: exact literal match found.
9027,9.0,assign_to_profit | assign_to_profit | assign_to_profit,Yes,TEXT_SUPPORTED_EXACT,TEXT_SUPPORTED_EXACT,True,Verified in NL text: exact literal match found.
9027,8.0,assign_to_profit,Yes,TEXT_SUPPORTED_EXACT,TEXT_SUPPORTED_EXACT,True,Verified in NL text: exact literal match found.
9027,12.0,assign_to_demand,Yes,TEXT_SUPPORTED_EXACT,TEXT_SUPPORTED_EXACT,True,Verified in NL text: exact literal match found.
9027,20.0,assign_to_demand | assign_to_demand,Yes,TEXT_SUPPORTED_EXACT,TEXT_SUPPORTED_EXACT,True,Verified in NL text: exact literal match found.
9027,14.0,assign_to_demand,Yes,TEXT_SUPPORTED_EXACT,TEXT_SUPPORTED_EXACT,True,Verified in NL text: exact literal match found.
9027,19.0,assign_to_demand,Yes,TEXT_SUPPORTED_EXACT,TEXT_SUPPORTED_EXACT,True,Verified in NL text: exact literal match found.
9027,18.0,assign_to_demand,Yes,TEXT_SUPPORTED_EXACT,TEXT_SUPPORTED_EXACT,True,Verified in NL text: exact literal match found.
43508,0.3537,assign_to_costs,Yes,TEXT_SUPPORTED_EXACT,TEXT_SUPPORTED_EXACT,True,Verified in NL text: exact literal match found.
43508,0.451,assign_to_costs,Yes,TEXT_SUPPORTED_EXACT,TEXT_SUPPORTED_EXACT,True,Verified in NL text: exact literal match found.
43508,0.5851,assign_to_costs,Yes,TEXT_SUPPORTED_EXACT,TEXT_SUPPORTED_EXACT,True,Verified in NL text: exact literal match found.
43508,0.3643,assign_to_costs,Yes,TEXT_SUPPORTED_EXACT,TEXT_SUPPORTED_EXACT,True,Verified in NL text: exact literal match found.
43508,0.5208,assign_to_costs,Yes,TEXT_SUPPORTED_EXACT,TEXT_SUPPORTED_EXACT,True,Verified in NL text: exact literal match found.
43508,0.5054,assign_to_costs,Yes,TEXT_SUPPORTED_EXACT,TEXT_SUPPORTED_EXACT,True,Verified in NL text: exact literal match found.
43508,0.4899,assign_to_costs,Yes,TEXT_SUPPORTED_EXACT,TEXT_SUPPORTED_EXACT,True,Verified in NL text: exact literal match found.
43508,0.5043,assign_to_costs,Yes,TEXT_SUPPORTED_EXACT,TEXT_SUPPORTED_EXACT,True,Verified in NL text: exact literal match found.
43508,0.5027,assign_to_costs,Yes,TEXT_SUPPORTED_EXACT,TEXT_SUPPORTED_EXACT,True,Verified in NL text: exact literal match found.
43508,0.502,assign_to_costs,Yes,TEXT_SUPPORTED_EXACT,TEXT_SUPPORTED_EXACT,True,Verified in NL text: exact literal match found.
43508,0.4732,assign_to_costs,Yes,TEXT_SUPPORTED_EXACT,TEXT_SUPPORTED_EXACT,True,Verified in NL text: exact literal match found.
43508,0.346,assign_to_costs,Yes,TEXT_SUPPORTED_EXACT,TEXT_SUPPORTED_EXACT,True,Verified in NL text: exact literal match found.
43508,0.3504,assign_to_costs,Yes,TEXT_SUPPORTED_EXACT,TEXT_SUPPORTED_EXACT,True,Verified in NL text: exact literal match found.
43508,0.5091,assign_to_costs,Yes,TEXT_SUPPORTED_EXACT,TEXT_SUPPORTED_EXACT,True,Verified in NL text: exact literal match found.
43508,0.6017,assign_to_costs,Yes,TEXT_SUPPORTED_EXACT,TEXT_SUPPORTED_EXACT,True,Verified in NL text: exact literal match found.
43508,0.6969,assign_to_costs,Yes,TEXT_SUPPORTED_EXACT,TEXT_SUPPORTED_EXACT,True,Verified in NL text: exact literal match found.
43508,0.3083,assign_to_costs,Yes,TEXT_SUPPORTED_EXACT,TEXT_SUPPORTED_EXACT,True,Verified in NL text: exact literal match found.
43508,0.635,assign_to_costs,Yes,TEXT_SUPPORTED_EXACT,TEXT_SUPPORTED_EXACT,True,Verified in NL text: exact literal match found.
43508,0.4174,assign_to_costs,Yes,TEXT_SUPPORTED_EXACT,TEXT_SUPPORTED_EXACT,True,Verified in NL text: exact literal match found.
43508,0.5203,assign_to_costs,Yes,TEXT_SUPPORTED_EXACT,TEXT_SUPPORTED_EXACT,True,Verified in NL text: exact literal match found.
43508,2.0,inside_call_model.addConstr,Yes,TEXT_SUPPORTED_EXACT,TEXT_SUPPORTED_EXACT,True,Verified in NL text: exact literal match found.
43508,0.5,is_x_compare,No,SOLVER_OR_API_CONSTANT,SOLVER_OR_API_CONSTANT,True,"Implementation detail: Gurobi solver parameter, status constant, or comparison threshold (e.g. status == 2 or x > 0.5)."
193814,2.0,assign_to_nodes | assign_to_routes | assign_to_routes | assign_to_routes | assign_to_routes | assign_to_routes | assign_to_routes | assign_to_routes | assign_to_routes | assign_to_routes | assign_to_routes | assign_to_routes | assign_to_routes | assign_to_routes | assign_to_routes | assign_to_routes | assign_to_routes | assign_to_routes | assign_to_routes,Yes,TEXT_SUPPORTED_EXACT,TEXT_SUPPORTED_EXACT,True,Verified in NL text: exact literal match found.
193814,3.0,assign_to_nodes | assign_to_routes | assign_to_routes | assign_to_routes | assign_to_routes | assign_to_routes | assign_to_routes | assign_to_routes | assign_to_routes | assign_to_routes | assign_to_routes | assign_to_routes | assign_to_routes,Yes,TEXT_SUPPORTED_EXACT,TEXT_SUPPORTED_EXACT,True,Verified in NL text: exact literal match found.
193814,4.0,assign_to_nodes | assign_to_routes | assign_to_routes | assign_to_routes | assign_to_routes | assign_to_routes | assign_to_routes | assign_to_routes | assign_to_routes | assign_to_routes | assign_to_routes | assign_to_routes | assign_to_routes | assign_to_routes | assign_to_routes | assign_to_routes | assign_to_routes | assign_to_routes | assign_to_routes | assign_to_routes,Yes,TEXT_SUPPORTED_EXACT,TEXT_SUPPORTED_EXACT,True,Verified in NL text: exact literal match found.
193814,5.0,assign_to_nodes | assign_to_routes | assign_to_routes | assign_to_routes | assign_to_routes | assign_to_routes | assign_to_routes | assign_to_routes | assign_to_routes | assign_to_routes | assign_to_routes | assign_to_routes | assign_to_routes | assign_to_routes | assign_to_routes | assign_to_routes | assign_to_routes,Yes,TEXT_SUPPORTED_EXACT,TEXT_SUPPORTED_EXACT,True,Verified in NL text: exact literal match found.
193814,6.0,assign_to_nodes | assign_to_routes | assign_to_routes | assign_to_routes | assign_to_routes | assign_to_routes | assign_to_routes | assign_to_routes | assign_to_routes | assign_to_routes | assign_to_routes | assign_to_routes | assign_to_routes | inside_call_gp.quicksum; in_index | inside_call_gp.quicksum | inside_call_gp.quicksum; in_index | inside_call_gp.quicksum | inside_call_range; in_range,No,INDEX_OR_LOOP_BOUND,INDEX_OR_LOOP_BOUND,True,Implementation detail: range boundary or set index not expressing a model parameter in the text.
193814,15.0,assign_to_routes | assign_to_routes | assign_to_routes | assign_to_routes,Yes,TEXT_SUPPORTED_EXACT,TEXT_SUPPORTED_EXACT,True,Verified in NL text: exact literal match found.
193814,9.0,assign_to_routes | assign_to_routes | assign_to_routes | assign_to_routes | assign_to_routes | assign_to_routes | assign_to_routes,Yes,TEXT_SUPPORTED_EXACT,TEXT_SUPPORTED_EXACT,True,Verified in NL text: exact literal match found.
193814,12.0,assign_to_routes | assign_to_routes | assign_to_routes | assign_to_routes,Yes,TEXT_SUPPORTED_EXACT,TEXT_SUPPORTED_EXACT,True,Verified in NL text: exact literal match found.
193814,13.0,assign_to_routes | assign_to_routes | assign_to_routes,Yes,TEXT_SUPPORTED_EXACT,TEXT_SUPPORTED_EXACT,True,Verified in NL text: exact literal match found.
193814,7.0,assign_to_routes | assign_to_routes,Yes,TEXT_SUPPORTED_EXACT,TEXT_SUPPORTED_EXACT,True,Verified in NL text: exact literal match found.
193814,8.0,assign_to_routes,Yes,TEXT_SUPPORTED_EXACT,TEXT_SUPPORTED_EXACT,True,Verified in NL text: exact literal match found.
193814,11.0,assign_to_routes,Yes,TEXT_SUPPORTED_EXACT,TEXT_SUPPORTED_EXACT,True,Verified in NL text: exact literal match found.
193814,14.0,assign_to_routes,Yes,TEXT_SUPPORTED_EXACT,TEXT_SUPPORTED_EXACT,True,Verified in NL text: exact literal match found.
193814,10.0,assign_to_routes | assign_to_routes,Yes,TEXT_SUPPORTED_EXACT,TEXT_SUPPORTED_EXACT,True,Verified in NL text: exact literal match found.
193814,0.5,is_x_compare,No,SOLVER_OR_API_CONSTANT,SOLVER_OR_API_CONSTANT,True,"Implementation detail: Gurobi solver parameter, status constant, or comparison threshold (e.g. status == 2 or x > 0.5)."
108193,2.0,assign_to_facilities | assign_to_customers | assign_to_fixed_costs | assign_to_capacities | assign_to_demands | assign_to_shipping_cost | assign_to_shipping_cost | assign_to_shipping_cost | assign_to_shipping_cost | assign_to_shipping_cost | assign_to_shipping_cost | assign_to_shipping_cost | assign_to_shipping_cost | assign_to_shipping_cost | assign_to_shipping_cost | assign_to_shipping_cost | assign_to_shipping_cost | assign_to_shipping_cost | assign_to_shipping_cost | assign_to_shipping_cost | assign_to_shipping_cost | assign_to_shipping_cost,Yes,TEXT_SUPPORTED_EXACT,TEXT_SUPPORTED_EXACT,True,Verified in NL text: exact literal match found.
108193,3.0,assign_to_facilities | assign_to_customers | assign_to_fixed_costs | assign_to_capacities | assign_to_demands | assign_to_shipping_cost | assign_to_shipping_cost | assign_to_shipping_cost | assign_to_shipping_cost | assign_to_shipping_cost | assign_to_shipping_cost | assign_to_shipping_cost | assign_to_shipping_cost | assign_to_shipping_cost | assign_to_shipping_cost | assign_to_shipping_cost | assign_to_shipping_cost | assign_to_shipping_cost | assign_to_shipping_cost | assign_to_shipping_cost | assign_to_shipping_cost | assign_to_shipping_cost,Yes,TEXT_SUPPORTED_EXACT,TEXT_SUPPORTED_EXACT,True,Verified in NL text: exact literal match found.
108193,4.0,assign_to_facilities | assign_to_customers | assign_to_fixed_costs | assign_to_capacities | assign_to_demands | assign_to_shipping_cost | assign_to_shipping_cost | assign_to_shipping_cost | assign_to_shipping_cost | assign_to_shipping_cost | assign_to_shipping_cost | assign_to_shipping_cost | assign_to_shipping_cost | assign_to_shipping_cost | assign_to_shipping_cost | assign_to_shipping_cost | assign_to_shipping_cost | assign_to_shipping_cost | assign_to_shipping_cost | assign_to_shipping_cost | assign_to_shipping_cost | assign_to_shipping_cost,Yes,TEXT_SUPPORTED_EXACT,TEXT_SUPPORTED_EXACT,True,Verified in NL text: exact literal match found.
108193,5.0,assign_to_facilities | assign_to_customers | assign_to_fixed_costs | assign_to_capacities | assign_to_demands | assign_to_shipping_cost | assign_to_shipping_cost | assign_to_shipping_cost | assign_to_shipping_cost | assign_to_shipping_cost | assign_to_shipping_cost | assign_to_shipping_cost | assign_to_shipping_cost | assign_to_shipping_cost | assign_to_shipping_cost | assign_to_shipping_cost | assign_to_shipping_cost | assign_to_shipping_cost | assign_to_shipping_cost | assign_to_shipping_cost | assign_to_shipping_cost | assign_to_shipping_cost,Yes,TEXT_SUPPORTED_EXACT,TEXT_SUPPORTED_EXACT,True,Verified in NL text: exact literal match found.
108193,6.0,assign_to_customers | assign_to_demands | assign_to_shipping_cost | assign_to_shipping_cost | assign_to_shipping_cost | assign_to_shipping_cost | assign_to_shipping_cost | assign_to_shipping_cost,Yes,TEXT_SUPPORTED_EXACT,TEXT_SUPPORTED_EXACT,True,Verified in NL text: exact literal match found.
108193,7.0,assign_to_customers | assign_to_demands | assign_to_shipping_cost | assign_to_shipping_cost | assign_to_shipping_cost | assign_to_shipping_cost | assign_to_shipping_cost | assign_to_shipping_cost,Yes,TEXT_SUPPORTED_EXACT,TEXT_SUPPORTED_EXACT,True,Verified in NL text: exact literal match found.
108193,8.0,assign_to_customers | assign_to_demands | assign_to_shipping_cost | assign_to_shipping_cost | assign_to_shipping_cost | assign_to_shipping_cost | assign_to_shipping_cost | assign_to_shipping_cost,Yes,TEXT_SUPPORTED_EXACT,TEXT_SUPPORTED_EXACT,True,Verified in NL text: exact literal match found.
108193,9.0,assign_to_customers | assign_to_demands | assign_to_shipping_cost | assign_to_shipping_cost | assign_to_shipping_cost | assign_to_shipping_cost | assign_to_shipping_cost | assign_to_shipping_cost,Yes,TEXT_SUPPORTED_EXACT,TEXT_SUPPORTED_EXACT,True,Verified in NL text: exact literal match found.
108193,10.0,assign_to_customers | assign_to_demands | assign_to_shipping_cost | assign_to_shipping_cost | assign_to_shipping_cost | assign_to_shipping_cost | assign_to_shipping_cost | assign_to_shipping_cost,Yes,TEXT_SUPPORTED_EXACT,TEXT_SUPPORTED_EXACT,True,Verified in NL text: exact literal match found.
108193,103586.0,assign_to_fixed_costs,Yes,TEXT_SUPPORTED_EXACT,TEXT_SUPPORTED_EXACT,True,Verified in NL text: exact literal match found.
108193,95086.0,assign_to_fixed_costs,Yes,TEXT_SUPPORTED_EXACT,TEXT_SUPPORTED_EXACT,True,Verified in NL text: exact literal match found.
108193,96568.0,assign_to_fixed_costs,Yes,TEXT_SUPPORTED_EXACT,TEXT_SUPPORTED_EXACT,True,Verified in NL text: exact literal match found.
108193,97323.0,assign_to_fixed_costs,Yes,TEXT_SUPPORTED_EXACT,TEXT_SUPPORTED_EXACT,True,Verified in NL text: exact literal match found.
108193,103956.0,assign_to_fixed_costs,Yes,TEXT_SUPPORTED_EXACT,TEXT_SUPPORTED_EXACT,True,Verified in NL text: exact literal match found.
108193,97197.0,assign_to_fixed_costs,Yes,TEXT_SUPPORTED_EXACT,TEXT_SUPPORTED_EXACT,True,Verified in NL text: exact literal match found.
108193,997.0,assign_to_capacities,Yes,TEXT_SUPPORTED_EXACT,TEXT_SUPPORTED_EXACT,True,Verified in NL text: exact literal match found.
108193,990.0,assign_to_capacities,Yes,TEXT_SUPPORTED_EXACT,TEXT_SUPPORTED_EXACT,True,Verified in NL text: exact literal match found.
108193,1042.0,assign_to_capacities,Yes,TEXT_SUPPORTED_EXACT,TEXT_SUPPORTED_EXACT,True,Verified in NL text: exact literal match found.
108193,1027.0,assign_to_capacities,Yes,TEXT_SUPPORTED_EXACT,TEXT_SUPPORTED_EXACT,True,Verified in NL text: exact literal match found.
108193,1023.0,assign_to_capacities,Yes,TEXT_SUPPORTED_EXACT,TEXT_SUPPORTED_EXACT,True,Verified in NL text: exact literal match found.
108193,1011.0,assign_to_capacities,Yes,TEXT_SUPPORTED_EXACT,TEXT_SUPPORTED_EXACT,True,Verified in NL text: exact literal match found.
108193,391.0,assign_to_demands,Yes,TEXT_SUPPORTED_EXACT,TEXT_SUPPORTED_EXACT,True,Verified in NL text: exact literal match found.
108193,412.0,assign_to_demands,Yes,TEXT_SUPPORTED_EXACT,TEXT_SUPPORTED_EXACT,True,Verified in NL text: exact literal match found.
108193,377.0,assign_to_demands | assign_to_demands,Yes,TEXT_SUPPORTED_EXACT,TEXT_SUPPORTED_EXACT,True,Verified in NL text: exact literal match found.
108193,383.0,assign_to_demands,Yes,TEXT_SUPPORTED_EXACT,TEXT_SUPPORTED_EXACT,True,Verified in NL text: exact literal match found.
108193,424.0,assign_to_demands,Yes,TEXT_SUPPORTED_EXACT,TEXT_SUPPORTED_EXACT,True,Verified in NL text: exact literal match found.
108193,416.0,assign_to_demands,Yes,TEXT_SUPPORTED_EXACT,TEXT_SUPPORTED_EXACT,True,Verified in NL text: exact literal match found.
108193,376.0,assign_to_demands,Yes,TEXT_SUPPORTED_EXACT,TEXT_SUPPORTED_EXACT,True,Verified in NL text: exact literal match found.
108193,413.0,assign_to_demands,Yes,TEXT_SUPPORTED_EXACT,TEXT_SUPPORTED_EXACT,True,Verified in NL text: exact literal match found.
108193,401.0,assign_to_demands,Yes,TEXT_SUPPORTED_EXACT,TEXT_SUPPORTED_EXACT,True,Verified in NL text: exact literal match found.
108193,393.0,assign_to_demands,Yes,TEXT_SUPPORTED_EXACT,TEXT_SUPPORTED_EXACT,True,Verified in NL text: exact literal match found.
108193,62.0,assign_to_shipping_cost | assign_to_shipping_cost | assign_to_shipping_cost | assign_to_shipping_cost | assign_to_shipping_cost | assign_to_shipping_cost,Yes,TEXT_SUPPORTED_EXACT,TEXT_SUPPORTED_EXACT,True,Verified in NL text: exact literal match found.
108193,65.0,assign_to_shipping_cost | assign_to_shipping_cost | assign_to_shipping_cost | assign_to_shipping_cost | assign_to_shipping_cost | assign_to_shipping_cost | assign_to_shipping_cost,No,ARRAY_OR_DIMENSION_CONSTANT,ARRAY_OR_DIMENSION_CONSTANT,True,"Implementation detail: structural array size or shape parameter (e.g., number of items/facilities)."
108193,64.0,assign_to_shipping_cost | assign_to_shipping_cost | assign_to_shipping_cost | assign_to_shipping_cost | assign_to_shipping_cost | assign_to_shipping_cost | assign_to_shipping_cost,No,ARRAY_OR_DIMENSION_CONSTANT,ARRAY_OR_DIMENSION_CONSTANT,True,"Implementation detail: structural array size or shape parameter (e.g., number of items/facilities)."
108193,63.0,assign_to_shipping_cost | assign_to_shipping_cost | assign_to_shipping_cost | assign_to_shipping_cost | assign_to_shipping_cost | assign_to_shipping_cost | assign_to_shipping_cost,Yes,TEXT_SUPPORTED_EXACT,TEXT_SUPPORTED_EXACT,True,Verified in NL text: exact literal match found.
108193,66.0,assign_to_shipping_cost | assign_to_shipping_cost | assign_to_shipping_cost | assign_to_shipping_cost | assign_to_shipping_cost | assign_to_shipping_cost | assign_to_shipping_cost,No,ARRAY_OR_DIMENSION_CONSTANT,ARRAY_OR_DIMENSION_CONSTANT,True,"Implementation detail: structural array size or shape parameter (e.g., number of items/facilities)."
108193,67.0,assign_to_shipping_cost | assign_to_shipping_cost | assign_to_shipping_cost | assign_to_shipping_cost | assign_to_shipping_cost | assign_to_shipping_cost | assign_to_shipping_cost,Yes,TEXT_SUPPORTED_EXACT,TEXT_SUPPORTED_EXACT,True,Verified in NL text: exact literal match found.
108193,68.0,assign_to_shipping_cost | assign_to_shipping_cost | assign_to_shipping_cost | assign_to_shipping_cost | assign_to_shipping_cost | assign_to_shipping_cost,No,ARRAY_OR_DIMENSION_CONSTANT,ARRAY_OR_DIMENSION_CONSTANT,True,"Implementation detail: structural array size or shape parameter (e.g., number of items/facilities)."
108193,69.0,assign_to_shipping_cost | assign_to_shipping_cost | assign_to_shipping_cost | assign_to_shipping_cost | assign_to_shipping_cost | assign_to_shipping_cost,No,ARRAY_OR_DIMENSION_CONSTANT,ARRAY_OR_DIMENSION_CONSTANT,True,"Implementation detail: structural array size or shape parameter (e.g., number of items/facilities)."
108193,70.0,assign_to_shipping_cost | assign_to_shipping_cost | assign_to_shipping_cost | assign_to_shipping_cost | assign_to_shipping_cost | assign_to_shipping_cost | assign_to_shipping_cost,Yes,TEXT_SUPPORTED_EXACT,TEXT_SUPPORTED_EXACT,True,Verified in NL text: exact literal match found.
108193,61.0,assign_to_shipping_cost | assign_to_shipping_cost | assign_to_shipping_cost | assign_to_shipping_cost | assign_to_shipping_cost | assign_to_shipping_cost,Yes,TEXT_SUPPORTED_EXACT,TEXT_SUPPORTED_EXACT,True,Verified in NL text: exact literal match found.
108193,0.5,is_x_compare,No,SOLVER_OR_API_CONSTANT,SOLVER_OR_API_CONSTANT,True,"Implementation detail: Gurobi solver parameter, status constant, or comparison threshold (e.g. status == 2 or x > 0.5)."
177789,6.0,assign_to_costs | assign_to_costs | assign_to_nutrient_contributions | assign_to_nutrient_contributions | assign_to_nutrient_contributions | assign_to_nutrient_contributions | assign_to_nutrient_contributions | assign_to_nutrient_contributions | assign_to_nutrient_contributions | assign_to_nutrient_contributions | assign_to_nutrient_contributions | assign_to_nutrient_contributions | assign_to_nutrient_contributions | assign_to_nutrient_contributions | assign_to_nutrient_contributions | assign_to_nutrient_contributions | assign_to_nutrient_contributions | assign_to_nutrient_contributions | assign_to_nutrient_contributions | assign_to_nutrient_contributions | assign_to_nutrient_contributions | assign_to_nutrient_contributions | assign_to_nutrient_contributions | assign_to_nutrient_contributions | assign_to_nutrient_contributions,Yes,TEXT_SUPPORTED_EXACT,TEXT_SUPPORTED_EXACT,True,Verified in NL text: exact literal match found.
177789,8.0,assign_to_costs,Yes,TEXT_SUPPORTED_EXACT,TEXT_SUPPORTED_EXACT,True,Verified in NL text: exact literal match found.
177789,4.0,assign_to_costs | assign_to_costs | assign_to_nutrient_contributions | assign_to_nutrient_contributions | assign_to_nutrient_contributions | assign_to_nutrient_contributions | assign_to_nutrient_contributions | assign_to_nutrient_contributions | assign_to_nutrient_contributions | assign_to_nutrient_contributions | assign_to_nutrient_contributions | assign_to_nutrient_contributions | assign_to_nutrient_contributions | assign_to_nutrient_contributions | assign_to_nutrient_contributions | assign_to_nutrient_contributions | assign_to_nutrient_contributions | assign_to_nutrient_contributions | assign_to_nutrient_contributions | assign_to_nutrient_contributions | assign_to_nutrient_contributions | assign_to_nutrient_contributions | assign_to_nutrient_contributions | assign_to_nutrient_contributions | assign_to_nutrient_contributions | assign_to_nutrient_contributions | assign_to_nutrient_contributions | assign_to_nutrient_contributions,Yes,TEXT_SUPPORTED_EXACT,TEXT_SUPPORTED_EXACT,True,Verified in NL text: exact literal match found.
177789,9.0,assign_to_costs | assign_to_costs | assign_to_costs | assign_to_costs,Yes,TEXT_SUPPORTED_EXACT,TEXT_SUPPORTED_EXACT,True,Verified in NL text: exact literal match found.
177789,2.0,assign_to_costs | assign_to_costs,Yes,TEXT_SUPPORTED_EXACT,TEXT_SUPPORTED_EXACT,True,Verified in NL text: exact literal match found.
177789,7.0,assign_to_costs | assign_to_nutrient_contributions | assign_to_nutrient_contributions | assign_to_nutrient_contributions | assign_to_nutrient_contributions | assign_to_nutrient_contributions | assign_to_nutrient_contributions | assign_to_nutrient_contributions | assign_to_nutrient_contributions | assign_to_nutrient_contributions | assign_to_nutrient_contributions | assign_to_nutrient_contributions | assign_to_nutrient_contributions | assign_to_nutrient_contributions | assign_to_nutrient_contributions | assign_to_nutrient_contributions | assign_to_nutrient_contributions | assign_to_nutrient_contributions | assign_to_nutrient_contributions | assign_to_nutrient_contributions | assign_to_nutrient_contributions | assign_to_nutrient_contributions | assign_to_nutrient_contributions | assign_to_nutrient_contributions | assign_to_nutrient_contributions | assign_to_nutrient_contributions | assign_to_nutrient_contributions | assign_to_nutrient_contributions | assign_to_nutrient_contributions | assign_to_nutrient_contributions | assign_to_nutrient_contributions,Yes,TEXT_SUPPORTED_EXACT,TEXT_SUPPORTED_EXACT,True,Verified in NL text: exact literal match found.
177789,3.0,assign_to_costs | assign_to_costs | assign_to_costs | assign_to_nutrient_contributions | assign_to_nutrient_contributions | assign_to_nutrient_contributions | assign_to_nutrient_contributions | assign_to_nutrient_contributions | assign_to_nutrient_contributions | assign_to_nutrient_contributions | assign_to_nutrient_contributions | assign_to_nutrient_contributions | assign_to_nutrient_contributions | assign_to_nutrient_contributions | assign_to_nutrient_contributions | assign_to_nutrient_contributions | assign_to_nutrient_contributions | assign_to_nutrient_contributions | assign_to_nutrient_contributions | assign_to_nutrient_contributions | assign_to_nutrient_contributions | assign_to_nutrient_contributions | assign_to_nutrient_contributions | assign_to_nutrient_contributions | assign_to_nutrient_contributions | assign_to_nutrient_contributions | assign_to_nutrient_contributions | assign_to_nutrient_contributions | assign_to_nutrient_contributions | assign_to_nutrient_contributions | assign_to_nutrient_contributions | assign_to_nutrient_contributions | assign_to_nutrient_contributions | assign_to_nutrient_contributions | assign_to_nutrient_contributions | assign_to_nutrient_contributions,Yes,TEXT_SUPPORTED_EXACT,TEXT_SUPPORTED_EXACT,True,Verified in NL text: exact literal match found.
177789,10.0,assign_to_costs | assign_to_costs | assign_to_costs | assign_to_costs | assign_to_costs | assign_to_x; inside_call_model.addVars,Yes,TEXT_SUPPORTED_EXACT,TEXT_SUPPORTED_EXACT,True,Verified in NL text: exact literal match found.
177789,5.0,assign_to_costs | assign_to_nutrient_contributions | assign_to_nutrient_contributions | assign_to_nutrient_contributions | assign_to_nutrient_contributions | assign_to_nutrient_contributions | assign_to_nutrient_contributions | assign_to_nutrient_contributions | assign_to_nutrient_contributions | assign_to_nutrient_contributions | assign_to_nutrient_contributions | assign_to_nutrient_contributions | assign_to_nutrient_contributions | assign_to_nutrient_contributions | assign_to_nutrient_contributions | assign_to_nutrient_contributions | assign_to_nutrient_contributions | assign_to_nutrient_contributions | assign_to_nutrient_contributions | assign_to_nutrient_contributions | assign_to_nutrient_contributions | assign_to_nutrient_contributions | assign_to_nutrient_contributions | assign_to_nutrient_contributions | assign_to_nutrient_contributions | assign_to_nutrient_contributions | assign_to_nutrient_contributions | assign_to_nutrient_contributions | assign_to_nutrient_contributions | assign_to_nutrient_contributions | assign_to_nutrient_contributions | assign_to_nutrient_contributions | assign_to_nutrient_contributions,Yes,TEXT_SUPPORTED_EXACT,TEXT_SUPPORTED_EXACT,True,Verified in NL text: exact literal match found.
177789,25.0,assign_to_nutrient_min,Yes,TEXT_SUPPORTED_EXACT,TEXT_SUPPORTED_EXACT,True,Verified in NL text: exact literal match found.
177789,28.0,assign_to_nutrient_min,Yes,TEXT_SUPPORTED_EXACT,TEXT_SUPPORTED_EXACT,True,Verified in NL text: exact literal match found.
177789,34.0,assign_to_nutrient_min,Yes,TEXT_SUPPORTED_EXACT,TEXT_SUPPORTED_EXACT,True,Verified in NL text: exact literal match found.
177789,32.0,assign_to_nutrient_min | assign_to_nutrient_max,Yes,TEXT_SUPPORTED_EXACT,TEXT_SUPPORTED_EXACT,True,Verified in NL text: exact literal match found.
177789,20.0,assign_to_nutrient_min | assign_to_nutrient_min,Yes,TEXT_SUPPORTED_EXACT,TEXT_SUPPORTED_EXACT,True,Verified in NL text: exact literal match found.
177789,42.0,assign_to_nutrient_max | assign_to_nutrient_max,Yes,TEXT_SUPPORTED_EXACT,TEXT_SUPPORTED_EXACT,True,Verified in NL text: exact literal match found.
177789,48.0,assign_to_nutrient_max,Yes,TEXT_SUPPORTED_EXACT,TEXT_SUPPORTED_EXACT,True,Verified in NL text: exact literal match found.
177789,33.0,assign_to_nutrient_max,Yes,TEXT_SUPPORTED_EXACT,TEXT_SUPPORTED_EXACT,True,Verified in NL text: exact literal match found.
177789,39.0,assign_to_nutrient_max,Yes,TEXT_SUPPORTED_EXACT,TEXT_SUPPORTED_EXACT,True,Verified in NL text: exact literal match found.
51186,2.0,assign_to_participants | assign_to_cars | assign_to_preferences,Yes,TEXT_SUPPORTED_EXACT,TEXT_SUPPORTED_EXACT,True,Verified in NL text: exact literal match found.
51186,3.0,assign_to_participants | assign_to_cars | assign_to_preferences | assign_to_preferences,Yes,TEXT_SUPPORTED_EXACT,TEXT_SUPPORTED_EXACT,True,Verified in NL text: exact literal match found.
51186,4.0,assign_to_participants | assign_to_preferences,Yes,TEXT_SUPPORTED_EXACT,TEXT_SUPPORTED_EXACT,True,Verified in NL text: exact literal match found.
51186,0.5,is_x_compare,No,SOLVER_OR_API_CONSTANT,SOLVER_OR_API_CONSTANT,True,"Implementation detail: Gurobi solver parameter, status constant, or comparison threshold (e.g. status == 2 or x > 0.5)."
18932,14.0,assign_to_aircraft_availability | assign_to_aircraft_availability | assign_to_aircraft_availability | assign_to_aircraft_availability | assign_to_aircraft_availability,Yes,TEXT_SUPPORTED_EXACT,TEXT_SUPPORTED_EXACT,True,Verified in NL text: exact literal match found.
18932,15.0,assign_to_aircraft_availability,Yes,TEXT_SUPPORTED_EXACT,TEXT_SUPPORTED_EXACT,True,Verified in NL text: exact literal match found.
18932,224.0,assign_to_passenger_demand,Yes,TEXT_SUPPORTED_EXACT,TEXT_SUPPORTED_EXACT,True,Verified in NL text: exact literal match found.
18932,225.0,assign_to_passenger_demand,Yes,TEXT_SUPPORTED_EXACT,TEXT_SUPPORTED_EXACT,True,Verified in NL text: exact literal match found.
18932,206.0,assign_to_passenger_demand,Yes,TEXT_SUPPORTED_EXACT,TEXT_SUPPORTED_EXACT,True,Verified in NL text: exact literal match found.
18932,202.0,assign_to_passenger_demand,Yes,TEXT_SUPPORTED_EXACT,TEXT_SUPPORTED_EXACT,True,Verified in NL text: exact literal match found.
18932,200.0,assign_to_passenger_demand,Yes,TEXT_SUPPORTED_EXACT,TEXT_SUPPORTED_EXACT,True,Verified in NL text: exact literal match found.
18932,208.0,assign_to_passenger_demand,Yes,TEXT_SUPPORTED_EXACT,TEXT_SUPPORTED_EXACT,True,Verified in NL text: exact literal match found.
18932,127.0,assign_to_capacity | assign_to_capacity | assign_to_capacity | assign_to_capacity | assign_to_capacity | assign_to_capacity,Yes,TEXT_SUPPORTED_EXACT,TEXT_SUPPORTED_EXACT,True,Verified in NL text: exact literal match found.
18932,129.0,assign_to_capacity | assign_to_capacity | assign_to_capacity | assign_to_capacity | assign_to_capacity,Yes,TEXT_SUPPORTED_EXACT,TEXT_SUPPORTED_EXACT,True,Verified in NL text: exact literal match found.
18932,130.0,assign_to_capacity | assign_to_capacity | assign_to_capacity | assign_to_capacity | assign_to_capacity | assign_to_capacity | assign_to_capacity | assign_to_capacity | assign_to_capacity,Yes,TEXT_SUPPORTED_EXACT,TEXT_SUPPORTED_EXACT,True,Verified in NL text: exact literal match found.
18932,128.0,assign_to_capacity | assign_to_capacity | assign_to_capacity | assign_to_capacity | assign_to_capacity,Yes,TEXT_SUPPORTED_EXACT,TEXT_SUPPORTED_EXACT,True,Verified in NL text: exact literal match found.
18932,125.0,assign_to_capacity | assign_to_capacity | assign_to_capacity | assign_to_capacity | assign_to_capacity | assign_to_capacity | assign_to_capacity,Yes,TEXT_SUPPORTED_EXACT,TEXT_SUPPORTED_EXACT,True,Verified in NL text: exact literal match found.
18932,126.0,assign_to_capacity | assign_to_capacity | assign_to_capacity | assign_to_capacity,Yes,TEXT_SUPPORTED_EXACT,TEXT_SUPPORTED_EXACT,True,Verified in NL text: exact literal match found.
18932,2004.0,assign_to_cost,Yes,TEXT_SUPPORTED_EXACT,TEXT_SUPPORTED_EXACT,True,Verified in NL text: exact literal match found.
18932,1948.0,assign_to_cost,Yes,TEXT_SUPPORTED_EXACT,TEXT_SUPPORTED_EXACT,True,Verified in NL text: exact literal match found.
18932,1939.0,assign_to_cost,Yes,TEXT_SUPPORTED_EXACT,TEXT_SUPPORTED_EXACT,True,Verified in NL text: exact literal match found.
18932,1920.0,assign_to_cost | assign_to_cost,Yes,TEXT_SUPPORTED_EXACT,TEXT_SUPPORTED_EXACT,True,Verified in NL text: exact literal match found.
18932,2033.0,assign_to_cost | assign_to_cost,Yes,TEXT_SUPPORTED_EXACT,TEXT_SUPPORTED_EXACT,True,Verified in NL text: exact literal match found.
18932,2086.0,assign_to_cost,Yes,TEXT_SUPPORTED_EXACT,TEXT_SUPPORTED_EXACT,True,Verified in NL text: exact literal match found.
18932,1941.0,assign_to_cost,Yes,TEXT_SUPPORTED_EXACT,TEXT_SUPPORTED_EXACT,True,Verified in NL text: exact literal match found.
18932,1938.0,assign_to_cost | assign_to_cost,Yes,TEXT_SUPPORTED_EXACT,TEXT_SUPPORTED_EXACT,True,Verified in NL text: exact literal match found.
18932,2076.0,assign_to_cost | assign_to_cost,Yes,TEXT_SUPPORTED_EXACT,TEXT_SUPPORTED_EXACT,True,Verified in NL text: exact literal match found.
18932,2036.0,assign_to_cost,Yes,TEXT_SUPPORTED_EXACT,TEXT_SUPPORTED_EXACT,True,Verified in NL text: exact literal match found.
18932,2021.0,assign_to_cost | assign_to_cost,Yes,TEXT_SUPPORTED_EXACT,TEXT_SUPPORTED_EXACT,True,Verified in NL text: exact literal match found.
18932,1915.0,assign_to_cost,Yes,TEXT_SUPPORTED_EXACT,TEXT_SUPPORTED_EXACT,True,Verified in NL text: exact literal match found.
18932,1977.0,assign_to_cost,Yes,TEXT_SUPPORTED_EXACT,TEXT_SUPPORTED_EXACT,True,Verified in NL text: exact literal match found.
18932,1950.0,assign_to_cost,Yes,TEXT_SUPPORTED_EXACT,TEXT_SUPPORTED_EXACT,True,Verified in NL text: exact literal match found.
18932,1963.0,assign_to_cost,Yes,TEXT_SUPPORTED_EXACT,TEXT_SUPPORTED_EXACT,True,Verified in NL text: exact literal match found.
18932,1923.0,assign_to_cost,Yes,TEXT_SUPPORTED_EXACT,TEXT_SUPPORTED_EXACT,True,Verified in NL text: exact literal match found.
18932,2035.0,assign_to_cost,Yes,TEXT_SUPPORTED_EXACT,TEXT_SUPPORTED_EXACT,True,Verified in NL text: exact literal match found.
18932,1952.0,assign_to_cost,Yes,TEXT_SUPPORTED_EXACT,TEXT_SUPPORTED_EXACT,True,Verified in NL text: exact literal match found.
18932,1979.0,assign_to_cost,Yes,TEXT_SUPPORTED_EXACT,TEXT_SUPPORTED_EXACT,True,Verified in NL text: exact literal match found.
18932,2050.0,assign_to_cost,Yes,TEXT_SUPPORTED_EXACT,TEXT_SUPPORTED_EXACT,True,Verified in NL text: exact literal match found.
18932,1978.0,assign_to_cost,Yes,TEXT_SUPPORTED_EXACT,TEXT_SUPPORTED_EXACT,True,Verified in NL text: exact literal match found.
18932,2091.0,assign_to_cost,Yes,TEXT_SUPPORTED_EXACT,TEXT_SUPPORTED_EXACT,True,Verified in NL text: exact literal match found.
18932,2081.0,assign_to_cost | assign_to_cost,Yes,TEXT_SUPPORTED_EXACT,TEXT_SUPPORTED_EXACT,True,Verified in NL text: exact literal match found.
18932,1902.0,assign_to_cost,Yes,TEXT_SUPPORTED_EXACT,TEXT_SUPPORTED_EXACT,True,Verified in NL text: exact literal match found.
18932,2077.0,assign_to_cost,Yes,TEXT_SUPPORTED_EXACT,TEXT_SUPPORTED_EXACT,True,Verified in NL text: exact literal match found.
18932,1922.0,assign_to_cost,Yes,TEXT_SUPPORTED_EXACT,TEXT_SUPPORTED_EXACT,True,Verified in NL text: exact literal match found.
18932,2010.0,assign_to_cost,Yes,TEXT_SUPPORTED_EXACT,TEXT_SUPPORTED_EXACT,True,Verified in NL text: exact literal match found.
18932,2089.0,assign_to_cost,Yes,TEXT_SUPPORTED_EXACT,TEXT_SUPPORTED_EXACT,True,Verified in NL text: exact literal match found.
18932,1934.0,assign_to_cost,Yes,TEXT_SUPPORTED_EXACT,TEXT_SUPPORTED_EXACT,True,Verified in NL text: exact literal match found.
18932,1982.0,assign_to_cost,Yes,TEXT_SUPPORTED_EXACT,TEXT_SUPPORTED_EXACT,True,Verified in NL text: exact literal match found.
18932,6.0,assign_to_x; inside_call_model.addVars | assign_to_x; inside_call_model.addVars | inside_call_range; in_range | inside_call_range; in_range | inside_call_range; in_range | inside_call_range; in_range | inside_call_range; in_range | inside_call_range; in_range | inside_call_range; in_range | inside_call_range; in_range,Yes,TEXT_SUPPORTED_NORMALIZED,TEXT_SUPPORTED_NORMALIZED,True,"Verified in NL text: value matches in normalized format (written word, percentage, or currency)."
18665,2.0,assign_to_producers | assign_to_contracts | assign_to_costs | assign_to_costs | assign_to_costs | assign_to_costs | assign_to_costs | assign_to_costs | assign_to_costs | assign_to_costs | assign_to_costs | assign_to_capacities | assign_to_requirements | assign_to_min_delivery | inside_call_model.addConstr,Yes,TEXT_SUPPORTED_EXACT,TEXT_SUPPORTED_EXACT,True,Verified in NL text: exact literal match found.
18665,3.0,assign_to_producers | assign_to_contracts | assign_to_costs | assign_to_costs | assign_to_costs | assign_to_costs | assign_to_costs | assign_to_costs | assign_to_costs | assign_to_costs | assign_to_costs | assign_to_capacities | assign_to_requirements | assign_to_min_delivery,Yes,TEXT_SUPPORTED_EXACT,TEXT_SUPPORTED_EXACT,True,Verified in NL text: exact literal match found.
18665,4.0,assign_to_contracts | assign_to_costs | assign_to_costs | assign_to_costs | assign_to_costs | assign_to_requirements,Yes,TEXT_SUPPORTED_EXACT,TEXT_SUPPORTED_EXACT,True,Verified in NL text: exact literal match found.
18665,30.0,assign_to_costs | assign_to_costs | assign_to_costs | assign_to_costs | assign_to_costs | assign_to_costs,Yes,TEXT_SUPPORTED_EXACT,TEXT_SUPPORTED_EXACT,True,Verified in NL text: exact literal match found.
18665,32.0,assign_to_costs | assign_to_costs | assign_to_costs | assign_to_costs | assign_to_costs | assign_to_costs | assign_to_costs | assign_to_costs,Yes,TEXT_SUPPORTED_EXACT,TEXT_SUPPORTED_EXACT,True,Verified in NL text: exact literal match found.
18665,31.0,assign_to_costs | assign_to_costs | assign_to_costs | assign_to_costs | assign_to_costs | assign_to_costs,Yes,TEXT_SUPPORTED_EXACT,TEXT_SUPPORTED_EXACT,True,Verified in NL text: exact literal match found.
18665,1559.0,assign_to_capacities,Yes,TEXT_SUPPORTED_EXACT,TEXT_SUPPORTED_EXACT,True,Verified in NL text: exact literal match found.
18665,1509.0,assign_to_capacities,Yes,TEXT_SUPPORTED_EXACT,TEXT_SUPPORTED_EXACT,True,Verified in NL text: exact literal match found.
18665,1526.0,assign_to_capacities | assign_to_capacities,Yes,TEXT_SUPPORTED_EXACT,TEXT_SUPPORTED_EXACT,True,Verified in NL text: exact literal match found.
18665,823.0,assign_to_requirements,Yes,TEXT_SUPPORTED_EXACT,TEXT_SUPPORTED_EXACT,True,Verified in NL text: exact literal match found.
18665,814.0,assign_to_requirements,Yes,TEXT_SUPPORTED_EXACT,TEXT_SUPPORTED_EXACT,True,Verified in NL text: exact literal match found.
18665,804.0,assign_to_requirements | assign_to_requirements,Yes,TEXT_SUPPORTED_EXACT,TEXT_SUPPORTED_EXACT,True,Verified in NL text: exact literal match found.
18665,828.0,assign_to_requirements,Yes,TEXT_SUPPORTED_EXACT,TEXT_SUPPORTED_EXACT,True,Verified in NL text: exact literal match found.
18665,389.0,assign_to_min_delivery,Yes,TEXT_SUPPORTED_EXACT,TEXT_SUPPORTED_EXACT,True,Verified in NL text: exact literal match found.
18665,377.0,assign_to_min_delivery,Yes,TEXT_SUPPORTED_EXACT,TEXT_SUPPORTED_EXACT,True,Verified in NL text: exact literal match found.
18665,381.0,assign_to_min_delivery | assign_to_min_delivery,Yes,TEXT_SUPPORTED_EXACT,TEXT_SUPPORTED_EXACT,True,Verified in NL text: exact literal match found.
16994,2.0,assign_to_markets | assign_to_demand | assign_to_demand | assign_to_profit | assign_to_profit | assign_to_profit | assign_to_profit,Yes,TEXT_SUPPORTED_EXACT,TEXT_SUPPORTED_EXACT,True,Verified in NL text: exact literal match found.
16994,15.0,assign_to_demand,Yes,TEXT_SUPPORTED_EXACT,TEXT_SUPPORTED_EXACT,True,Verified in NL text: exact literal match found.
16994,20.0,assign_to_demand,Yes,TEXT_SUPPORTED_EXACT,TEXT_SUPPORTED_EXACT,True,Verified in NL text: exact literal match found.
16994,17.0,assign_to_demand | assign_to_demand,Yes,TEXT_SUPPORTED_EXACT,TEXT_SUPPORTED_EXACT,True,Verified in NL text: exact literal match found.
16994,14.0,assign_to_demand,Yes,TEXT_SUPPORTED_EXACT,TEXT_SUPPORTED_EXACT,True,Verified in NL text: exact literal match found.
16994,18.0,assign_to_demand,Yes,TEXT_SUPPORTED_EXACT,TEXT_SUPPORTED_EXACT,True,Verified in NL text: exact literal match found.
16994,9.0,assign_to_profit | assign_to_profit | assign_to_profit,Yes,TEXT_SUPPORTED_EXACT,TEXT_SUPPORTED_EXACT,True,Verified in NL text: exact literal match found.
16994,6.0,assign_to_profit | assign_to_profit | assign_to_profit | assign_to_profit | assign_to_profit,Yes,TEXT_SUPPORTED_EXACT,TEXT_SUPPORTED_EXACT,True,Verified in NL text: exact literal match found.
16994,4.0,assign_to_profit | assign_to_profit,Yes,TEXT_SUPPORTED_EXACT,TEXT_SUPPORTED_EXACT,True,Verified in NL text: exact literal match found.
16994,8.0,assign_to_profit,Yes,TEXT_SUPPORTED_EXACT,TEXT_SUPPORTED_EXACT,True,Verified in NL text: exact literal match found.
16994,5.0,assign_to_profit,Yes,TEXT_SUPPORTED_EXACT,TEXT_SUPPORTED_EXACT,True,Verified in NL text: exact literal match found.
173328,2.0,assign_to_cities | assign_to_costs | assign_to_costs | assign_to_costs | assign_to_costs | inside_call_model.addConstr | inside_call_model.addConstr | assign_to_cities | assign_to_costs | assign_to_costs | assign_to_costs | assign_to_costs | inside_call_model.addConstr | inside_call_model.addConstr,Yes,TEXT_SUPPORTED_EXACT,TEXT_SUPPORTED_EXACT,True,Verified in NL text: exact literal match found.
173328,115.0,assign_to_costs | assign_to_costs,Yes,TEXT_SUPPORTED_EXACT,TEXT_SUPPORTED_EXACT,True,Verified in NL text: exact literal match found.
173328,505.0,assign_to_costs | assign_to_costs,Yes,TEXT_SUPPORTED_EXACT,TEXT_SUPPORTED_EXACT,True,Verified in NL text: exact literal match found.
173328,63.0,assign_to_costs | assign_to_costs,Yes,TEXT_SUPPORTED_EXACT,TEXT_SUPPORTED_EXACT,True,Verified in NL text: exact literal match found.
173328,889.0,assign_to_costs | assign_to_costs,Yes,TEXT_SUPPORTED_EXACT,TEXT_SUPPORTED_EXACT,True,Verified in NL text: exact literal match found.
173328,482.0,assign_to_costs | assign_to_costs,Yes,TEXT_SUPPORTED_EXACT,TEXT_SUPPORTED_EXACT,True,Verified in NL text: exact literal match found.
173328,657.0,assign_to_costs | assign_to_costs,Yes,TEXT_SUPPORTED_EXACT,TEXT_SUPPORTED_EXACT,True,Verified in NL text: exact literal match found.
173328,3.0,inside_call_model.addConstr | inside_call_model.addConstr,Yes,TEXT_SUPPORTED_EXACT,TEXT_SUPPORTED_EXACT,True,Verified in NL text: exact literal match found.
173328,0.5,none | none,No,IMPLEMENTATION_ONLY,IMPLEMENTATION_ONLY,True,"Implementation detail: helper constant (e.g., large penalty coefficient / big-M) introduced by the code generator."
65279,46.0,assign_to_profits,Yes,TEXT_SUPPORTED_EXACT,TEXT_SUPPORTED_EXACT,True,Verified in NL text: exact literal match found.
65279,24.0,assign_to_profits,Yes,TEXT_SUPPORTED_EXACT,TEXT_SUPPORTED_EXACT,True,Verified in NL text: exact literal match found.
65279,23.0,assign_to_profits,Yes,TEXT_SUPPORTED_EXACT,TEXT_SUPPORTED_EXACT,True,Verified in NL text: exact literal match found.
65279,29.0,assign_to_profits | assign_to_profits,Yes,TEXT_SUPPORTED_EXACT,TEXT_SUPPORTED_EXACT,True,Verified in NL text: exact literal match found.
65279,39.0,assign_to_profits,Yes,TEXT_SUPPORTED_EXACT,TEXT_SUPPORTED_EXACT,True,Verified in NL text: exact literal match found.
65279,22.0,assign_to_profits | assign_to_profits,Yes,TEXT_SUPPORTED_EXACT,TEXT_SUPPORTED_EXACT,True,Verified in NL text: exact literal match found.
65279,35.0,assign_to_profits,Yes,TEXT_SUPPORTED_EXACT,TEXT_SUPPORTED_EXACT,True,Verified in NL text: exact literal match found.
65279,47.0,assign_to_profits,Yes,TEXT_SUPPORTED_EXACT,TEXT_SUPPORTED_EXACT,True,Verified in NL text: exact literal match found.
65279,26.0,assign_to_profits,Yes,TEXT_SUPPORTED_EXACT,TEXT_SUPPORTED_EXACT,True,Verified in NL text: exact literal match found.
65279,0.25,assign_to_resource_consumption,Yes,TEXT_SUPPORTED_EXACT,TEXT_SUPPORTED_EXACT,True,Verified in NL text: exact literal match found.
65279,0.333,assign_to_resource_consumption | assign_to_resource_consumption | assign_to_resource_consumption | assign_to_resource_consumption,Yes,TEXT_SUPPORTED_EXACT,TEXT_SUPPORTED_EXACT,True,Verified in NL text: exact literal match found.
65279,0.5,assign_to_resource_consumption | assign_to_resource_consumption,Yes,TEXT_SUPPORTED_EXACT,TEXT_SUPPORTED_EXACT,True,Verified in NL text: exact literal match found.
65279,0.2,assign_to_resource_consumption | assign_to_resource_consumption | assign_to_resource_consumption,Yes,TEXT_SUPPORTED_EXACT,TEXT_SUPPORTED_EXACT,True,Verified in NL text: exact literal match found.
65279,166.0,assign_to_production_limits,Yes,TEXT_SUPPORTED_EXACT,TEXT_SUPPORTED_EXACT,True,Verified in NL text: exact literal match found.
65279,172.0,assign_to_production_limits,Yes,TEXT_SUPPORTED_EXACT,TEXT_SUPPORTED_EXACT,True,Verified in NL text: exact literal match found.
65279,198.0,assign_to_production_limits | assign_to_production_limits,Yes,TEXT_SUPPORTED_EXACT,TEXT_SUPPORTED_EXACT,True,Verified in NL text: exact literal match found.
65279,134.0,assign_to_production_limits,Yes,TEXT_SUPPORTED_EXACT,TEXT_SUPPORTED_EXACT,True,Verified in NL text: exact literal match found.
65279,169.0,assign_to_production_limits,Yes,TEXT_SUPPORTED_EXACT,TEXT_SUPPORTED_EXACT,True,Verified in NL text: exact literal match found.
65279,162.0,assign_to_production_limits,Yes,TEXT_SUPPORTED_EXACT,TEXT_SUPPORTED_EXACT,True,Verified in NL text: exact literal match found.
65279,100.0,assign_to_production_limits,Yes,TEXT_SUPPORTED_EXACT,TEXT_SUPPORTED_EXACT,True,Verified in NL text: exact literal match found.
65279,160.0,assign_to_production_limits,Yes,TEXT_SUPPORTED_EXACT,TEXT_SUPPORTED_EXACT,True,Verified in NL text: exact literal match found.
65279,144.0,assign_to_production_limits,Yes,TEXT_SUPPORTED_EXACT,TEXT_SUPPORTED_EXACT,True,Verified in NL text: exact literal match found.
65279,126.0,assign_to_production_limits,Yes,TEXT_SUPPORTED_EXACT,TEXT_SUPPORTED_EXACT,True,Verified in NL text: exact literal match found.
65279,394.0,assign_to_total_resource,Yes,TEXT_SUPPORTED_EXACT,TEXT_SUPPORTED_EXACT,True,Verified in NL text: exact literal match found.
168892,701.0,assign_to_populations,Yes,TEXT_SUPPORTED_EXACT,TEXT_SUPPORTED_EXACT,True,Verified in NL text: exact literal match found.
168892,785.0,assign_to_populations,Yes,TEXT_SUPPORTED_EXACT,TEXT_SUPPORTED_EXACT,True,Verified in NL text: exact literal match found.
168892,796.0,assign_to_populations,Yes,TEXT_SUPPORTED_EXACT,TEXT_SUPPORTED_EXACT,True,Verified in NL text: exact literal match found.
168892,693.0,assign_to_populations,Yes,TEXT_SUPPORTED_EXACT,TEXT_SUPPORTED_EXACT,True,Verified in NL text: exact literal match found.
168892,665.0,assign_to_populations,Yes,TEXT_SUPPORTED_EXACT,TEXT_SUPPORTED_EXACT,True,Verified in NL text: exact literal match found.
168892,630.0,assign_to_populations,Yes,TEXT_SUPPORTED_EXACT,TEXT_SUPPORTED_EXACT,True,Verified in NL text: exact literal match found.
168892,667.0,assign_to_populations,Yes,TEXT_SUPPORTED_EXACT,TEXT_SUPPORTED_EXACT,True,Verified in NL text: exact literal match found.
168892,506.0,assign_to_populations,Yes,TEXT_SUPPORTED_EXACT,TEXT_SUPPORTED_EXACT,True,Verified in NL text: exact literal match found.
168892,1193.0,assign_to_populations,Yes,TEXT_SUPPORTED_EXACT,TEXT_SUPPORTED_EXACT,True,Verified in NL text: exact literal match found.
168892,1068.0,assign_to_populations,Yes,TEXT_SUPPORTED_EXACT,TEXT_SUPPORTED_EXACT,True,Verified in NL text: exact literal match found.
168892,758.0,assign_to_populations,Yes,TEXT_SUPPORTED_EXACT,TEXT_SUPPORTED_EXACT,True,Verified in NL text: exact literal match found.
168892,67.0,assign_to_costs,Yes,TEXT_SUPPORTED_EXACT,TEXT_SUPPORTED_EXACT,True,Verified in NL text: exact literal match found.
168892,52.0,assign_to_costs,Yes,TEXT_SUPPORTED_EXACT,TEXT_SUPPORTED_EXACT,True,Verified in NL text: exact literal match found.
168892,70.0,assign_to_costs,Yes,TEXT_SUPPORTED_EXACT,TEXT_SUPPORTED_EXACT,True,Verified in NL text: exact literal match found.
168892,97.0,assign_to_costs,Yes,TEXT_SUPPORTED_EXACT,TEXT_SUPPORTED_EXACT,True,Verified in NL text: exact literal match found.
168892,118.0,assign_to_costs,Yes,TEXT_SUPPORTED_EXACT,TEXT_SUPPORTED_EXACT,True,Verified in NL text: exact literal match found.
168892,109.0,assign_to_costs,Yes,TEXT_SUPPORTED_EXACT,TEXT_SUPPORTED_EXACT,True,Verified in NL text: exact literal match found.
168892,69.0,assign_to_costs,Yes,TEXT_SUPPORTED_EXACT,TEXT_SUPPORTED_EXACT,True,Verified in NL text: exact literal match found.
168892,11.0,assign_to_regions; inside_call_range; in_range,Yes,TEXT_SUPPORTED_EXACT,TEXT_SUPPORTED_EXACT,True,Verified in NL text: exact literal match found.
168892,7.0,assign_to_towers; inside_call_range; in_range | assign_to_coverage,Yes,TEXT_SUPPORTED_EXACT,TEXT_SUPPORTED_EXACT,True,Verified in NL text: exact literal match found.
168892,2.0,assign_to_coverage | assign_to_coverage | assign_to_coverage | assign_to_coverage | assign_to_coverage | assign_to_coverage | assign_to_coverage,Yes,TEXT_SUPPORTED_EXACT,TEXT_SUPPORTED_EXACT,True,Verified in NL text: exact literal match found.
168892,3.0,assign_to_coverage | assign_to_coverage | assign_to_coverage | assign_to_coverage,Yes,TEXT_SUPPORTED_EXACT,TEXT_SUPPORTED_EXACT,True,Verified in NL text: exact literal match found.
168892,4.0,assign_to_coverage | assign_to_coverage | assign_to_coverage | assign_to_coverage | assign_to_coverage | assign_to_coverage | assign_to_coverage | assign_to_coverage,Yes,TEXT_SUPPORTED_EXACT,TEXT_SUPPORTED_EXACT,True,Verified in NL text: exact literal match found.
168892,5.0,assign_to_coverage | assign_to_coverage | assign_to_coverage | assign_to_coverage | assign_to_coverage | assign_to_coverage | assign_to_coverage | assign_to_coverage,Yes,TEXT_SUPPORTED_EXACT,TEXT_SUPPORTED_EXACT,True,Verified in NL text: exact literal match found.
168892,6.0,assign_to_coverage | assign_to_coverage | assign_to_coverage | assign_to_coverage | assign_to_coverage | assign_to_coverage | assign_to_coverage,Yes,TEXT_SUPPORTED_EXACT,TEXT_SUPPORTED_EXACT,True,Verified in NL text: exact literal match found.
168892,8.0,assign_to_coverage,Yes,TEXT_SUPPORTED_EXACT,TEXT_SUPPORTED_EXACT,True,Verified in NL text: exact literal match found.
168892,9.0,assign_to_coverage,Yes,TEXT_SUPPORTED_EXACT,TEXT_SUPPORTED_EXACT,True,Verified in NL text: exact literal match found.
168892,10.0,assign_to_coverage,Yes,TEXT_SUPPORTED_EXACT,TEXT_SUPPORTED_EXACT,True,Verified in NL text: exact literal match found.
168892,320.0,inside_call_model.addConstr,Yes,TEXT_SUPPORTED_EXACT,TEXT_SUPPORTED_EXACT,True,Verified in NL text: exact literal match found.
168892,0.5,none,No,IMPLEMENTATION_ONLY,IMPLEMENTATION_ONLY,True,"Implementation detail: helper constant (e.g., large penalty coefficient / big-M) introduced by the code generator."
17341,2.0,assign_to_periods | assign_to_sales_limits | assign_to_sales_limits | assign_to_machine_hours | assign_to_machine_hours,Yes,TEXT_SUPPORTED_EXACT,TEXT_SUPPORTED_EXACT,True,Verified in NL text: exact literal match found.
17341,3.0,assign_to_periods | assign_to_sales_limits | assign_to_sales_limits | inside_call_model.addConstr; in_index,Yes,TEXT_SUPPORTED_EXACT,TEXT_SUPPORTED_EXACT,True,Verified in NL text: exact literal match found.
17341,190.0,assign_to_profit,Yes,TEXT_SUPPORTED_EXACT,TEXT_SUPPORTED_EXACT,True,Verified in NL text: exact literal match found.
17341,163.0,assign_to_profit,Yes,TEXT_SUPPORTED_EXACT,TEXT_SUPPORTED_EXACT,True,Verified in NL text: exact literal match found.
17341,10.0,assign_to_holding_cost | assign_to_target_inventory,Yes,TEXT_SUPPORTED_EXACT,TEXT_SUPPORTED_EXACT,True,Verified in NL text: exact literal match found.
17341,360.0,assign_to_machine_capacities,Yes,TEXT_SUPPORTED_EXACT,TEXT_SUPPORTED_EXACT,True,Verified in NL text: exact literal match found.
17341,120.0,assign_to_machine_capacities | assign_to_machine_capacities,Yes,TEXT_SUPPORTED_EXACT,TEXT_SUPPORTED_EXACT,True,Verified in NL text: exact literal match found.
17341,50.0,assign_to_inventory_limit,Yes,TEXT_SUPPORTED_EXACT,TEXT_SUPPORTED_EXACT,True,Verified in NL text: exact literal match found.
17341,22.0,assign_to_sales_limits,Yes,TEXT_SUPPORTED_EXACT,TEXT_SUPPORTED_EXACT,True,Verified in NL text: exact literal match found.
17341,26.0,assign_to_sales_limits,Yes,TEXT_SUPPORTED_EXACT,TEXT_SUPPORTED_EXACT,True,Verified in NL text: exact literal match found.
17341,47.0,assign_to_sales_limits,Yes,TEXT_SUPPORTED_EXACT,TEXT_SUPPORTED_EXACT,True,Verified in NL text: exact literal match found.
17341,33.0,assign_to_sales_limits,Yes,TEXT_SUPPORTED_EXACT,TEXT_SUPPORTED_EXACT,True,Verified in NL text: exact literal match found.
17341,28.0,assign_to_sales_limits,Yes,TEXT_SUPPORTED_EXACT,TEXT_SUPPORTED_EXACT,True,Verified in NL text: exact literal match found.
17341,35.0,assign_to_sales_limits,Yes,TEXT_SUPPORTED_EXACT,TEXT_SUPPORTED_EXACT,True,Verified in NL text: exact literal match found.
17341,29.0,assign_to_sales_limits,Yes,TEXT_SUPPORTED_EXACT,TEXT_SUPPORTED_EXACT,True,Verified in NL text: exact literal match found.
17341,34.0,assign_to_sales_limits,Yes,TEXT_SUPPORTED_EXACT,TEXT_SUPPORTED_EXACT,True,Verified in NL text: exact literal match found.
17341,4.0,inside_call_range; in_range,Yes,TEXT_SUPPORTED_EXACT,TEXT_SUPPORTED_EXACT,True,Verified in NL text: exact literal match found.
15068,6.0,assign_to_origins; inside_call_range; in_range,Yes,TEXT_SUPPORTED_NORMALIZED,TEXT_SUPPORTED_NORMALIZED,True,"Verified in NL text: value matches in normalized format (written word, percentage, or currency)."
15068,5.0,assign_to_destinations; inside_call_range; in_range | assign_to_supply | assign_to_supply | assign_to_cost | assign_to_cost | assign_to_cost | assign_to_cost | assign_to_cost | assign_to_cost | assign_to_cost | assign_to_cost | assign_to_cost | assign_to_cost | assign_to_capacity | assign_to_capacity | assign_to_capacity | assign_to_capacity | assign_to_capacity,Yes,TEXT_SUPPORTED_EXACT,TEXT_SUPPORTED_EXACT,True,Verified in NL text: exact literal match found.
15068,2.0,assign_to_products; inside_call_range; in_range | assign_to_supply | assign_to_supply | assign_to_demand | assign_to_demand | assign_to_cost | assign_to_cost | assign_to_cost | assign_to_cost | assign_to_cost | assign_to_cost | assign_to_cost | assign_to_cost | assign_to_cost | assign_to_cost | assign_to_cost | assign_to_cost | assign_to_cost | assign_to_cost | assign_to_cost | assign_to_cost | assign_to_cost | assign_to_cost | assign_to_cost | assign_to_cost | assign_to_cost | assign_to_cost | assign_to_capacity | assign_to_capacity | assign_to_capacity | assign_to_capacity | assign_to_capacity | assign_to_capacity | assign_to_capacity | assign_to_capacity | assign_to_capacity | assign_to_capacity | assign_to_capacity,Yes,TEXT_SUPPORTED_EXACT,TEXT_SUPPORTED_EXACT,True,Verified in NL text: exact literal match found.
15068,3.0,assign_to_supply | assign_to_supply | assign_to_demand | assign_to_demand | assign_to_cost | assign_to_cost | assign_to_cost | assign_to_cost | assign_to_cost | assign_to_cost | assign_to_cost | assign_to_cost | assign_to_cost | assign_to_cost | assign_to_cost | assign_to_cost | assign_to_cost | assign_to_cost | assign_to_cost | assign_to_cost | assign_to_cost | assign_to_cost | assign_to_cost | assign_to_cost | assign_to_cost | assign_to_cost | assign_to_capacity | assign_to_capacity | assign_to_capacity | assign_to_capacity | assign_to_capacity | assign_to_capacity | assign_to_capacity | assign_to_capacity | assign_to_capacity | assign_to_capacity | assign_to_capacity,Yes,TEXT_SUPPORTED_EXACT,TEXT_SUPPORTED_EXACT,True,Verified in NL text: exact literal match found.
15068,4.0,assign_to_supply | assign_to_supply | assign_to_demand | assign_to_demand | assign_to_cost | assign_to_cost | assign_to_cost | assign_to_cost | assign_to_cost | assign_to_cost | assign_to_cost | assign_to_cost | assign_to_cost | assign_to_cost | assign_to_cost | assign_to_cost | assign_to_cost | assign_to_cost | assign_to_cost | assign_to_cost | assign_to_cost | assign_to_cost | assign_to_cost | assign_to_cost | assign_to_cost | assign_to_cost | assign_to_capacity | assign_to_capacity | assign_to_capacity | assign_to_capacity | assign_to_capacity | assign_to_capacity | assign_to_capacity | assign_to_capacity | assign_to_capacity | assign_to_capacity | assign_to_capacity,Yes,TEXT_SUPPORTED_EXACT,TEXT_SUPPORTED_EXACT,True,Verified in NL text: exact literal match found.
15068,14.0,assign_to_supply | assign_to_demand | assign_to_cost | assign_to_cost | assign_to_cost | assign_to_cost | assign_to_cost | assign_to_cost,Yes,TEXT_SUPPORTED_EXACT,TEXT_SUPPORTED_EXACT,True,Verified in NL text: exact literal match found.
15068,24.0,assign_to_supply,Yes,TEXT_SUPPORTED_EXACT,TEXT_SUPPORTED_EXACT,True,Verified in NL text: exact literal match found.
15068,39.0,assign_to_supply,Yes,TEXT_SUPPORTED_EXACT,TEXT_SUPPORTED_EXACT,True,Verified in NL text: exact literal match found.
15068,50.0,assign_to_supply | assign_to_capacity | assign_to_capacity,Yes,TEXT_SUPPORTED_EXACT,TEXT_SUPPORTED_EXACT,True,Verified in NL text: exact literal match found.
15068,63.0,assign_to_supply,Yes,TEXT_SUPPORTED_EXACT,TEXT_SUPPORTED_EXACT,True,Verified in NL text: exact literal match found.
15068,42.0,assign_to_supply,Yes,TEXT_SUPPORTED_EXACT,TEXT_SUPPORTED_EXACT,True,Verified in NL text: exact literal match found.
15068,31.0,assign_to_supply,Yes,TEXT_SUPPORTED_EXACT,TEXT_SUPPORTED_EXACT,True,Verified in NL text: exact literal match found.
15068,47.0,assign_to_demand,Yes,TEXT_SUPPORTED_EXACT,TEXT_SUPPORTED_EXACT,True,Verified in NL text: exact literal match found.
15068,34.0,assign_to_demand,Yes,TEXT_SUPPORTED_EXACT,TEXT_SUPPORTED_EXACT,True,Verified in NL text: exact literal match found.
15068,16.0,assign_to_demand | assign_to_demand | assign_to_cost,Yes,TEXT_SUPPORTED_EXACT,TEXT_SUPPORTED_EXACT,True,Verified in NL text: exact literal match found.
15068,46.0,assign_to_demand,Yes,TEXT_SUPPORTED_EXACT,TEXT_SUPPORTED_EXACT,True,Verified in NL text: exact literal match found.
15068,20.0,assign_to_demand | assign_to_cost | assign_to_cost | assign_to_cost | assign_to_cost | assign_to_cost,Yes,TEXT_SUPPORTED_EXACT,TEXT_SUPPORTED_EXACT,True,Verified in NL text: exact literal match found.
15068,40.0,assign_to_demand,Yes,TEXT_SUPPORTED_EXACT,TEXT_SUPPORTED_EXACT,True,Verified in NL text: exact literal match found.
15068,17.0,assign_to_demand | assign_to_cost | assign_to_cost | assign_to_cost | assign_to_cost,Yes,TEXT_SUPPORTED_EXACT,TEXT_SUPPORTED_EXACT,True,Verified in NL text: exact literal match found.
15068,13.0,assign_to_demand | assign_to_cost | assign_to_cost | assign_to_cost | assign_to_cost | assign_to_cost | assign_to_cost | assign_to_cost | assign_to_cost | assign_to_cost | assign_to_cost,Yes,TEXT_SUPPORTED_EXACT,TEXT_SUPPORTED_EXACT,True,Verified in NL text: exact literal match found.
15068,18.0,assign_to_cost | assign_to_cost | assign_to_cost | assign_to_cost | assign_to_cost | assign_to_cost | assign_to_cost,Yes,TEXT_SUPPORTED_EXACT,TEXT_SUPPORTED_EXACT,True,Verified in NL text: exact literal match found.
15068,15.0,assign_to_cost | assign_to_cost | assign_to_cost | assign_to_cost | assign_to_cost,Yes,TEXT_SUPPORTED_EXACT,TEXT_SUPPORTED_EXACT,True,Verified in NL text: exact literal match found.
15068,12.0,assign_to_cost,Yes,TEXT_SUPPORTED_EXACT,TEXT_SUPPORTED_EXACT,True,Verified in NL text: exact literal match found.
15068,19.0,assign_to_cost | assign_to_cost | assign_to_cost | assign_to_cost | assign_to_cost | assign_to_cost | assign_to_cost | assign_to_cost | assign_to_cost | assign_to_cost | assign_to_cost,Yes,TEXT_SUPPORTED_EXACT,TEXT_SUPPORTED_EXACT,True,Verified in NL text: exact literal match found.
15068,11.0,assign_to_cost | assign_to_cost | assign_to_cost | assign_to_cost,Yes,TEXT_SUPPORTED_EXACT,TEXT_SUPPORTED_EXACT,True,Verified in NL text: exact literal match found.
15068,10.0,assign_to_cost | assign_to_cost | assign_to_cost | assign_to_cost | assign_to_cost | assign_to_cost,Yes,TEXT_SUPPORTED_EXACT,TEXT_SUPPORTED_EXACT,True,Verified in NL text: exact literal match found.
15068,146.0,assign_to_capacity | assign_to_capacity,Yes,TEXT_SUPPORTED_EXACT,TEXT_SUPPORTED_EXACT,True,Verified in NL text: exact literal match found.
15068,71.0,assign_to_capacity,Yes,TEXT_SUPPORTED_EXACT,TEXT_SUPPORTED_EXACT,True,Verified in NL text: exact literal match found.
15068,127.0,assign_to_capacity | assign_to_capacity,Yes,TEXT_SUPPORTED_EXACT,TEXT_SUPPORTED_EXACT,True,Verified in NL text: exact literal match found.
15068,98.0,assign_to_capacity,Yes,TEXT_SUPPORTED_EXACT,TEXT_SUPPORTED_EXACT,True,Verified in NL text: exact literal match found.
15068,148.0,assign_to_capacity,Yes,TEXT_SUPPORTED_EXACT,TEXT_SUPPORTED_EXACT,True,Verified in NL text: exact literal match found.
15068,129.0,assign_to_capacity,Yes,TEXT_SUPPORTED_EXACT,TEXT_SUPPORTED_EXACT,True,Verified in NL text: exact literal match found.
15068,54.0,assign_to_capacity | assign_to_capacity,Yes,TEXT_SUPPORTED_EXACT,TEXT_SUPPORTED_EXACT,True,Verified in NL text: exact literal match found.
15068,101.0,assign_to_capacity,Yes,TEXT_SUPPORTED_EXACT,TEXT_SUPPORTED_EXACT,True,Verified in NL text: exact literal match found.
15068,62.0,assign_to_capacity,Yes,TEXT_SUPPORTED_EXACT,TEXT_SUPPORTED_EXACT,True,Verified in NL text: exact literal match found.
15068,92.0,assign_to_capacity,Yes,TEXT_SUPPORTED_EXACT,TEXT_SUPPORTED_EXACT,True,Verified in NL text: exact literal match found.
15068,116.0,assign_to_capacity,Yes,TEXT_SUPPORTED_EXACT,TEXT_SUPPORTED_EXACT,True,Verified in NL text: exact literal match found.
15068,58.0,assign_to_capacity,Yes,TEXT_SUPPORTED_EXACT,TEXT_SUPPORTED_EXACT,True,Verified in NL text: exact literal match found.
15068,142.0,assign_to_capacity,Yes,TEXT_SUPPORTED_EXACT,TEXT_SUPPORTED_EXACT,True,Verified in NL text: exact literal match found.
15068,103.0,assign_to_capacity,Yes,TEXT_SUPPORTED_EXACT,TEXT_SUPPORTED_EXACT,True,Verified in NL text: exact literal match found.
15068,121.0,assign_to_capacity,Yes,TEXT_SUPPORTED_EXACT,TEXT_SUPPORTED_EXACT,True,Verified in NL text: exact literal match found.
15068,141.0,assign_to_capacity,Yes,TEXT_SUPPORTED_EXACT,TEXT_SUPPORTED_EXACT,True,Verified in NL text: exact literal match found.
15068,51.0,assign_to_capacity,Yes,TEXT_SUPPORTED_EXACT,TEXT_SUPPORTED_EXACT,True,Verified in NL text: exact literal match found.
15068,69.0,assign_to_capacity,Yes,TEXT_SUPPORTED_EXACT,TEXT_SUPPORTED_EXACT,True,Verified in NL text: exact literal match found.
15068,104.0,assign_to_capacity | assign_to_capacity,Yes,TEXT_SUPPORTED_EXACT,TEXT_SUPPORTED_EXACT,True,Verified in NL text: exact literal match found.
15068,73.0,assign_to_capacity,Yes,TEXT_SUPPORTED_EXACT,TEXT_SUPPORTED_EXACT,True,Verified in NL text: exact literal match found.
15068,97.0,assign_to_capacity,Yes,TEXT_SUPPORTED_EXACT,TEXT_SUPPORTED_EXACT,True,Verified in NL text: exact literal match found.
15068,131.0,assign_to_capacity,Yes,TEXT_SUPPORTED_EXACT,TEXT_SUPPORTED_EXACT,True,Verified in NL text: exact literal match found.
15068,112.0,assign_to_capacity,Yes,TEXT_SUPPORTED_EXACT,TEXT_SUPPORTED_EXACT,True,Verified in NL text: exact literal match found.
15068,136.0,assign_to_capacity,Yes,TEXT_SUPPORTED_EXACT,TEXT_SUPPORTED_EXACT,True,Verified in NL text: exact literal match found.
51354,14.0,assign_to_supply,Yes,TEXT_SUPPORTED_EXACT,TEXT_SUPPORTED_EXACT,True,Verified in NL text: exact literal match found.
51354,64.0,assign_to_supply,Yes,TEXT_SUPPORTED_EXACT,TEXT_SUPPORTED_EXACT,True,Verified in NL text: exact literal match found.
51354,30.0,assign_to_supply,Yes,TEXT_SUPPORTED_EXACT,TEXT_SUPPORTED_EXACT,True,Verified in NL text: exact literal match found.
51354,21.0,assign_to_demand | assign_to_demand,Yes,TEXT_SUPPORTED_EXACT,TEXT_SUPPORTED_EXACT,True,Verified in NL text: exact literal match found.
51354,16.0,assign_to_demand,Yes,TEXT_SUPPORTED_EXACT,TEXT_SUPPORTED_EXACT,True,Verified in NL text: exact literal match found.
51354,10.0,assign_to_demand | assign_to_cost | assign_to_cost | assign_to_cost | assign_to_cost | assign_to_cost | assign_to_cost,Yes,TEXT_SUPPORTED_EXACT,TEXT_SUPPORTED_EXACT,True,Verified in NL text: exact literal match found.
51354,40.0,assign_to_demand,Yes,TEXT_SUPPORTED_EXACT,TEXT_SUPPORTED_EXACT,True,Verified in NL text: exact literal match found.
51354,7.0,assign_to_cost | assign_to_cost | assign_to_cost | assign_to_cost,Yes,TEXT_SUPPORTED_EXACT,TEXT_SUPPORTED_EXACT,True,Verified in NL text: exact literal match found.
51354,5.0,assign_to_cost | assign_to_cost | assign_to_cost | assign_to_cost | assign_to_cost | assign_to_x; inside_call_model.addVars | assign_to_x; inside_call_model.addVars | inside_call_range; in_range | inside_call_range; in_range | inside_call_range; in_range | inside_call_range; in_range | inside_call_range; in_range | inside_call_range; in_range | inside_call_range; in_range | inside_call_range; in_range | inside_call_range; in_range | inside_call_range; in_range | inside_call_range; in_range | inside_call_range; in_range,Yes,TEXT_SUPPORTED_EXACT,TEXT_SUPPORTED_EXACT,True,Verified in NL text: exact literal match found.
51354,9.0,assign_to_cost | assign_to_cost | assign_to_cost | assign_to_cost | assign_to_cost | assign_to_cost,Yes,TEXT_SUPPORTED_EXACT,TEXT_SUPPORTED_EXACT,True,Verified in NL text: exact literal match found.
51354,8.0,assign_to_cost | assign_to_cost,Yes,TEXT_SUPPORTED_EXACT,TEXT_SUPPORTED_EXACT,True,Verified in NL text: exact literal match found.
51354,6.0,assign_to_cost | assign_to_cost,Yes,TEXT_SUPPORTED_EXACT,TEXT_SUPPORTED_EXACT,True,Verified in NL text: exact literal match found.
51354,65.0,assign_to_capacity | assign_to_capacity,Yes,TEXT_SUPPORTED_EXACT,TEXT_SUPPORTED_EXACT,True,Verified in NL text: exact literal match found.
51354,98.0,assign_to_capacity,Yes,TEXT_SUPPORTED_EXACT,TEXT_SUPPORTED_EXACT,True,Verified in NL text: exact literal match found.
51354,102.0,assign_to_capacity,Yes,TEXT_SUPPORTED_EXACT,TEXT_SUPPORTED_EXACT,True,Verified in NL text: exact literal match found.
51354,95.0,assign_to_capacity,Yes,TEXT_SUPPORTED_EXACT,TEXT_SUPPORTED_EXACT,True,Verified in NL text: exact literal match found.
51354,81.0,assign_to_capacity,Yes,TEXT_SUPPORTED_EXACT,TEXT_SUPPORTED_EXACT,True,Verified in NL text: exact literal match found.
51354,54.0,assign_to_capacity,Yes,TEXT_SUPPORTED_EXACT,TEXT_SUPPORTED_EXACT,True,Verified in NL text: exact literal match found.
51354,91.0,assign_to_capacity | assign_to_capacity,Yes,TEXT_SUPPORTED_EXACT,TEXT_SUPPORTED_EXACT,True,Verified in NL text: exact literal match found.
51354,90.0,assign_to_capacity,Yes,TEXT_SUPPORTED_EXACT,TEXT_SUPPORTED_EXACT,True,Verified in NL text: exact literal match found.
51354,88.0,assign_to_capacity,Yes,TEXT_SUPPORTED_EXACT,TEXT_SUPPORTED_EXACT,True,Verified in NL text: exact literal match found.
51354,111.0,assign_to_capacity,Yes,TEXT_SUPPORTED_EXACT,TEXT_SUPPORTED_EXACT,True,Verified in NL text: exact literal match found.
51354,87.0,assign_to_capacity,Yes,TEXT_SUPPORTED_EXACT,TEXT_SUPPORTED_EXACT,True,Verified in NL text: exact literal match found.
51354,52.0,assign_to_capacity,Yes,TEXT_SUPPORTED_EXACT,TEXT_SUPPORTED_EXACT,True,Verified in NL text: exact literal match found.
51354,86.0,assign_to_capacity,Yes,TEXT_SUPPORTED_EXACT,TEXT_SUPPORTED_EXACT,True,Verified in NL text: exact literal match found.
51354,84.0,assign_to_capacity,Yes,TEXT_SUPPORTED_EXACT,TEXT_SUPPORTED_EXACT,True,Verified in NL text: exact literal match found.
51354,76.0,assign_to_capacity,Yes,TEXT_SUPPORTED_EXACT,TEXT_SUPPORTED_EXACT,True,Verified in NL text: exact literal match found.
51354,72.0,assign_to_capacity,Yes,TEXT_SUPPORTED_EXACT,TEXT_SUPPORTED_EXACT,True,Verified in NL text: exact literal match found.
51354,101.0,assign_to_capacity,Yes,TEXT_SUPPORTED_EXACT,TEXT_SUPPORTED_EXACT,True,Verified in NL text: exact literal match found.
51354,62.0,assign_to_capacity,Yes,TEXT_SUPPORTED_EXACT,TEXT_SUPPORTED_EXACT,True,Verified in NL text: exact literal match found.
51354,56.0,assign_to_capacity,Yes,TEXT_SUPPORTED_EXACT,TEXT_SUPPORTED_EXACT,True,Verified in NL text: exact literal match found.
51354,73.0,assign_to_capacity,Yes,TEXT_SUPPORTED_EXACT,TEXT_SUPPORTED_EXACT,True,Verified in NL text: exact literal match found.
51354,105.0,assign_to_capacity,Yes,TEXT_SUPPORTED_EXACT,TEXT_SUPPORTED_EXACT,True,Verified in NL text: exact literal match found.
51354,92.0,assign_to_capacity,Yes,TEXT_SUPPORTED_EXACT,TEXT_SUPPORTED_EXACT,True,Verified in NL text: exact literal match found.
51354,60.0,assign_to_capacity,Yes,TEXT_SUPPORTED_EXACT,TEXT_SUPPORTED_EXACT,True,Verified in NL text: exact literal match found.
74300,2.0,assign_to_cities | assign_to_net_demand_supply | assign_to_transport_data | assign_to_transport_data | assign_to_transport_data | assign_to_transport_data | assign_to_transport_data | assign_to_transport_data | assign_to_transport_data | assign_to_transport_data | assign_to_transport_data | assign_to_transport_data | assign_to_transport_data | assign_to_transport_data | assign_to_transport_data | assign_to_transport_data | assign_to_transport_data | assign_to_transport_data,Yes,TEXT_SUPPORTED_EXACT,TEXT_SUPPORTED_EXACT,True,Verified in NL text: exact literal match found.
74300,3.0,assign_to_cities | assign_to_net_demand_supply | assign_to_net_demand_supply | assign_to_transport_data | assign_to_transport_data | assign_to_transport_data | assign_to_transport_data | assign_to_transport_data | assign_to_transport_data | assign_to_transport_data | assign_to_transport_data | assign_to_transport_data | assign_to_transport_data | assign_to_transport_data | assign_to_transport_data | assign_to_transport_data | assign_to_transport_data | assign_to_transport_data | assign_to_transport_data,Yes,TEXT_SUPPORTED_EXACT,TEXT_SUPPORTED_EXACT,True,Verified in NL text: exact literal match found.
74300,4.0,assign_to_cities | assign_to_net_demand_supply | assign_to_transport_data | assign_to_transport_data | assign_to_transport_data | assign_to_transport_data | assign_to_transport_data | assign_to_transport_data | assign_to_transport_data | assign_to_transport_data | assign_to_transport_data | assign_to_transport_data | assign_to_transport_data | assign_to_transport_data | assign_to_transport_data | assign_to_transport_data | assign_to_transport_data | assign_to_transport_data,Yes,TEXT_SUPPORTED_EXACT,TEXT_SUPPORTED_EXACT,True,Verified in NL text: exact literal match found.
74300,5.0,assign_to_cities | assign_to_net_demand_supply | assign_to_transport_data | assign_to_transport_data | assign_to_transport_data | assign_to_transport_data | assign_to_transport_data | assign_to_transport_data | assign_to_transport_data | assign_to_transport_data | assign_to_transport_data | assign_to_transport_data | assign_to_transport_data | assign_to_transport_data | assign_to_transport_data | assign_to_transport_data | assign_to_transport_data | assign_to_transport_data,Yes,TEXT_SUPPORTED_EXACT,TEXT_SUPPORTED_EXACT,True,Verified in NL text: exact literal match found.
74300,6.0,assign_to_cities | assign_to_net_demand_supply | assign_to_net_demand_supply | assign_to_transport_data | assign_to_transport_data | assign_to_transport_data | assign_to_transport_data | assign_to_transport_data | assign_to_transport_data | assign_to_transport_data | assign_to_transport_data | assign_to_transport_data | assign_to_transport_data | assign_to_transport_data | assign_to_transport_data | assign_to_transport_data | assign_to_transport_data | assign_to_transport_data | assign_to_transport_data | assign_to_transport_data | assign_to_transport_data | assign_to_transport_data | assign_to_transport_data | assign_to_transport_data | assign_to_transport_data | assign_to_transport_data | assign_to_transport_data | assign_to_transport_data | assign_to_transport_data | assign_to_transport_data | assign_to_transport_data | assign_to_transport_data | assign_to_transport_data,Yes,TEXT_SUPPORTED_EXACT,TEXT_SUPPORTED_EXACT,True,Verified in NL text: exact literal match found.
74300,7.0,assign_to_cities | assign_to_net_demand_supply | assign_to_transport_data | assign_to_transport_data | assign_to_transport_data | assign_to_transport_data | assign_to_transport_data | assign_to_transport_data | assign_to_transport_data | assign_to_transport_data | assign_to_transport_data | assign_to_transport_data | assign_to_transport_data | assign_to_transport_data | assign_to_transport_data | assign_to_transport_data | assign_to_transport_data | assign_to_transport_data | assign_to_transport_data | assign_to_transport_data | assign_to_transport_data | assign_to_transport_data | assign_to_transport_data | assign_to_transport_data | assign_to_transport_data | assign_to_transport_data | assign_to_transport_data | assign_to_transport_data,Yes,TEXT_SUPPORTED_EXACT,TEXT_SUPPORTED_EXACT,True,Verified in NL text: exact literal match found.
74300,8.0,assign_to_cities | assign_to_net_demand_supply | assign_to_net_demand_supply | assign_to_transport_data | assign_to_transport_data | assign_to_transport_data | assign_to_transport_data | assign_to_transport_data | assign_to_transport_data | assign_to_transport_data | assign_to_transport_data | assign_to_transport_data | assign_to_transport_data | assign_to_transport_data | assign_to_transport_data | assign_to_transport_data | assign_to_transport_data | assign_to_transport_data | assign_to_transport_data | assign_to_transport_data | assign_to_transport_data | assign_to_transport_data | assign_to_transport_data | assign_to_transport_data | assign_to_transport_data | assign_to_transport_data | assign_to_transport_data | assign_to_transport_data | assign_to_transport_data | assign_to_transport_data | assign_to_transport_data | assign_to_transport_data | assign_to_transport_data,Yes,TEXT_SUPPORTED_EXACT,TEXT_SUPPORTED_EXACT,True,Verified in NL text: exact literal match found.
74300,-68.0,assign_to_net_demand_supply,Yes,TEXT_SUPPORTED_DERIVED,TEXT_SUPPORTED_DERIVED,True,Verified in NL text: value derived deterministically (e.g. negated objective coefficient or multiplier).
74300,31.0,assign_to_net_demand_supply | assign_to_transport_data | assign_to_transport_data | assign_to_transport_data | assign_to_transport_data,Yes,TEXT_SUPPORTED_EXACT,TEXT_SUPPORTED_EXACT,True,Verified in NL text: exact literal match found.
74300,-28.0,assign_to_net_demand_supply,Yes,TEXT_SUPPORTED_DERIVED,TEXT_SUPPORTED_DERIVED,True,Verified in NL text: value derived deterministically (e.g. negated objective coefficient or multiplier).
74300,21.0,assign_to_net_demand_supply,Yes,TEXT_SUPPORTED_EXACT,TEXT_SUPPORTED_EXACT,True,Verified in NL text: exact literal match found.
74300,27.0,assign_to_net_demand_supply,Yes,TEXT_SUPPORTED_EXACT,TEXT_SUPPORTED_EXACT,True,Verified in NL text: exact literal match found.
74300,49.0,assign_to_transport_data | assign_to_transport_data | assign_to_transport_data | assign_to_transport_data | assign_to_transport_data | assign_to_transport_data | assign_to_transport_data,Yes,TEXT_SUPPORTED_EXACT,TEXT_SUPPORTED_EXACT,True,Verified in NL text: exact literal match found.
74300,9.0,assign_to_transport_data | assign_to_transport_data | assign_to_transport_data | assign_to_transport_data | assign_to_transport_data | assign_to_transport_data | assign_to_transport_data | assign_to_transport_data | assign_to_transport_data | assign_to_transport_data | assign_to_transport_data | assign_to_transport_data | assign_to_transport_data | assign_to_transport_data | assign_to_transport_data | assign_to_transport_data | assign_to_transport_data | assign_to_transport_data | assign_to_transport_data | assign_to_transport_data | assign_to_transport_data,Yes,TEXT_SUPPORTED_EXACT,TEXT_SUPPORTED_EXACT,True,Verified in NL text: exact literal match found.
74300,38.0,assign_to_transport_data | assign_to_transport_data | assign_to_transport_data,Yes,TEXT_SUPPORTED_EXACT,TEXT_SUPPORTED_EXACT,True,Verified in NL text: exact literal match found.
74300,36.0,assign_to_transport_data | assign_to_transport_data,Yes,TEXT_SUPPORTED_EXACT,TEXT_SUPPORTED_EXACT,True,Verified in NL text: exact literal match found.
74300,33.0,assign_to_transport_data | assign_to_transport_data,Yes,TEXT_SUPPORTED_EXACT,TEXT_SUPPORTED_EXACT,True,Verified in NL text: exact literal match found.
74300,59.0,assign_to_transport_data | assign_to_transport_data | assign_to_transport_data | assign_to_transport_data,Yes,TEXT_SUPPORTED_EXACT,TEXT_SUPPORTED_EXACT,True,Verified in NL text: exact literal match found.
74300,57.0,assign_to_transport_data | assign_to_transport_data,Yes,TEXT_SUPPORTED_EXACT,TEXT_SUPPORTED_EXACT,True,Verified in NL text: exact literal match found.
74300,41.0,assign_to_transport_data | assign_to_transport_data | assign_to_transport_data,Yes,TEXT_SUPPORTED_EXACT,TEXT_SUPPORTED_EXACT,True,Verified in NL text: exact literal match found.
74300,10.0,assign_to_transport_data | assign_to_transport_data | assign_to_transport_data | assign_to_transport_data | assign_to_transport_data | assign_to_transport_data | assign_to_transport_data | assign_to_transport_data | assign_to_transport_data | assign_to_transport_data | assign_to_transport_data | assign_to_transport_data | assign_to_transport_data,Yes,TEXT_SUPPORTED_EXACT,TEXT_SUPPORTED_EXACT,True,Verified in NL text: exact literal match found.
74300,54.0,assign_to_transport_data | assign_to_transport_data | assign_to_transport_data | assign_to_transport_data,Yes,TEXT_SUPPORTED_EXACT,TEXT_SUPPORTED_EXACT,True,Verified in NL text: exact literal match found.
74300,37.0,assign_to_transport_data | assign_to_transport_data | assign_to_transport_data | assign_to_transport_data,Yes,TEXT_SUPPORTED_EXACT,TEXT_SUPPORTED_EXACT,True,Verified in NL text: exact literal match found.
74300,46.0,assign_to_transport_data | assign_to_transport_data,Yes,TEXT_SUPPORTED_EXACT,TEXT_SUPPORTED_EXACT,True,Verified in NL text: exact literal match found.
74300,60.0,assign_to_transport_data,Yes,TEXT_SUPPORTED_EXACT,TEXT_SUPPORTED_EXACT,True,Verified in NL text: exact literal match found.
74300,35.0,assign_to_transport_data | assign_to_transport_data | assign_to_transport_data,Yes,TEXT_SUPPORTED_EXACT,TEXT_SUPPORTED_EXACT,True,Verified in NL text: exact literal match found.
74300,39.0,assign_to_transport_data | assign_to_transport_data,Yes,TEXT_SUPPORTED_EXACT,TEXT_SUPPORTED_EXACT,True,Verified in NL text: exact literal match found.
74300,56.0,assign_to_transport_data | assign_to_transport_data | assign_to_transport_data,Yes,TEXT_SUPPORTED_EXACT,TEXT_SUPPORTED_EXACT,True,Verified in NL text: exact literal match found.
74300,51.0,assign_to_transport_data | assign_to_transport_data,Yes,TEXT_SUPPORTED_EXACT,TEXT_SUPPORTED_EXACT,True,Verified in NL text: exact literal match found.
74300,43.0,assign_to_transport_data | assign_to_transport_data | assign_to_transport_data | assign_to_transport_data,Yes,TEXT_SUPPORTED_EXACT,TEXT_SUPPORTED_EXACT,True,Verified in NL text: exact literal match found.
74300,53.0,assign_to_transport_data,Yes,TEXT_SUPPORTED_EXACT,TEXT_SUPPORTED_EXACT,True,Verified in NL text: exact literal match found.
74300,30.0,assign_to_transport_data | assign_to_transport_data | assign_to_transport_data,Yes,TEXT_SUPPORTED_EXACT,TEXT_SUPPORTED_EXACT,True,Verified in NL text: exact literal match found.
74300,42.0,assign_to_transport_data | assign_to_transport_data | assign_to_transport_data | assign_to_transport_data,Yes,TEXT_SUPPORTED_EXACT,TEXT_SUPPORTED_EXACT,True,Verified in NL text: exact literal match found.
74300,58.0,assign_to_transport_data,Yes,TEXT_SUPPORTED_EXACT,TEXT_SUPPORTED_EXACT,True,Verified in NL text: exact literal match found.
74300,44.0,assign_to_transport_data | assign_to_transport_data,Yes,TEXT_SUPPORTED_EXACT,TEXT_SUPPORTED_EXACT,True,Verified in NL text: exact literal match found.
74300,40.0,assign_to_transport_data,Yes,TEXT_SUPPORTED_EXACT,TEXT_SUPPORTED_EXACT,True,Verified in NL text: exact literal match found.
74300,47.0,assign_to_transport_data | assign_to_transport_data,Yes,TEXT_SUPPORTED_EXACT,TEXT_SUPPORTED_EXACT,True,Verified in NL text: exact literal match found.
74300,48.0,assign_to_transport_data | assign_to_transport_data,Yes,TEXT_SUPPORTED_EXACT,TEXT_SUPPORTED_EXACT,True,Verified in NL text: exact literal match found.
74300,45.0,assign_to_transport_data,Yes,TEXT_SUPPORTED_EXACT,TEXT_SUPPORTED_EXACT,True,Verified in NL text: exact literal match found.
74300,32.0,assign_to_transport_data,Yes,TEXT_SUPPORTED_EXACT,TEXT_SUPPORTED_EXACT,True,Verified in NL text: exact literal match found.
74300,55.0,assign_to_transport_data | assign_to_transport_data,Yes,TEXT_SUPPORTED_EXACT,TEXT_SUPPORTED_EXACT,True,Verified in NL text: exact literal match found.
185467,2.0,assign_to_facilities | assign_to_customers | assign_to_fixed_costs | assign_to_demands | assign_to_capacities | assign_to_shipping_costs | assign_to_shipping_costs | assign_to_shipping_costs | assign_to_shipping_costs | assign_to_shipping_costs | assign_to_shipping_costs | assign_to_shipping_costs,Yes,TEXT_SUPPORTED_EXACT,TEXT_SUPPORTED_EXACT,True,Verified in NL text: exact literal match found.
185467,3.0,assign_to_facilities | assign_to_customers | assign_to_fixed_costs | assign_to_demands | assign_to_capacities | assign_to_shipping_costs | assign_to_shipping_costs | assign_to_shipping_costs | assign_to_shipping_costs | assign_to_shipping_costs | assign_to_shipping_costs | assign_to_shipping_costs,Yes,TEXT_SUPPORTED_EXACT,TEXT_SUPPORTED_EXACT,True,Verified in NL text: exact literal match found.
185467,4.0,assign_to_facilities | assign_to_customers | assign_to_fixed_costs | assign_to_demands | assign_to_capacities | assign_to_shipping_costs | assign_to_shipping_costs | assign_to_shipping_costs | assign_to_shipping_costs | assign_to_shipping_costs | assign_to_shipping_costs | assign_to_shipping_costs,Yes,TEXT_SUPPORTED_EXACT,TEXT_SUPPORTED_EXACT,True,Verified in NL text: exact literal match found.
185467,5.0,assign_to_facilities | assign_to_customers | assign_to_fixed_costs | assign_to_demands | assign_to_capacities | assign_to_shipping_costs | assign_to_shipping_costs | assign_to_shipping_costs | assign_to_shipping_costs | assign_to_shipping_costs | assign_to_shipping_costs | assign_to_shipping_costs,Yes,TEXT_SUPPORTED_EXACT,TEXT_SUPPORTED_EXACT,True,Verified in NL text: exact literal match found.
185467,6.0,assign_to_customers | assign_to_demands | assign_to_shipping_costs | assign_to_shipping_costs | assign_to_shipping_costs | assign_to_shipping_costs | assign_to_shipping_costs | assign_to_shipping_costs,Yes,TEXT_SUPPORTED_EXACT,TEXT_SUPPORTED_EXACT,True,Verified in NL text: exact literal match found.
185467,7.0,assign_to_customers | assign_to_demands | assign_to_shipping_costs | assign_to_shipping_costs | assign_to_shipping_costs | assign_to_shipping_costs | assign_to_shipping_costs | assign_to_shipping_costs,Yes,TEXT_SUPPORTED_EXACT,TEXT_SUPPORTED_EXACT,True,Verified in NL text: exact literal match found.
185467,8.0,assign_to_customers | assign_to_demands | assign_to_shipping_costs | assign_to_shipping_costs | assign_to_shipping_costs | assign_to_shipping_costs | assign_to_shipping_costs | assign_to_shipping_costs,Yes,TEXT_SUPPORTED_EXACT,TEXT_SUPPORTED_EXACT,True,Verified in NL text: exact literal match found.
185467,9.0,assign_to_customers | assign_to_demands | assign_to_shipping_costs | assign_to_shipping_costs | assign_to_shipping_costs | assign_to_shipping_costs | assign_to_shipping_costs | assign_to_shipping_costs,Yes,TEXT_SUPPORTED_EXACT,TEXT_SUPPORTED_EXACT,True,Verified in NL text: exact literal match found.
185467,104562.0,assign_to_fixed_costs,Yes,TEXT_SUPPORTED_EXACT,TEXT_SUPPORTED_EXACT,True,Verified in NL text: exact literal match found.
185467,96171.0,assign_to_fixed_costs,Yes,TEXT_SUPPORTED_EXACT,TEXT_SUPPORTED_EXACT,True,Verified in NL text: exact literal match found.
185467,102028.0,assign_to_fixed_costs,Yes,TEXT_SUPPORTED_EXACT,TEXT_SUPPORTED_EXACT,True,Verified in NL text: exact literal match found.
185467,101118.0,assign_to_fixed_costs,Yes,TEXT_SUPPORTED_EXACT,TEXT_SUPPORTED_EXACT,True,Verified in NL text: exact literal match found.
185467,103694.0,assign_to_fixed_costs,Yes,TEXT_SUPPORTED_EXACT,TEXT_SUPPORTED_EXACT,True,Verified in NL text: exact literal match found.
185467,104784.0,assign_to_fixed_costs,Yes,TEXT_SUPPORTED_EXACT,TEXT_SUPPORTED_EXACT,True,Verified in NL text: exact literal match found.
185467,397.0,assign_to_demands,Yes,TEXT_SUPPORTED_EXACT,TEXT_SUPPORTED_EXACT,True,Verified in NL text: exact literal match found.
185467,385.0,assign_to_demands,Yes,TEXT_SUPPORTED_EXACT,TEXT_SUPPORTED_EXACT,True,Verified in NL text: exact literal match found.
185467,379.0,assign_to_demands | assign_to_demands,Yes,TEXT_SUPPORTED_EXACT,TEXT_SUPPORTED_EXACT,True,Verified in NL text: exact literal match found.
185467,398.0,assign_to_demands,Yes,TEXT_SUPPORTED_EXACT,TEXT_SUPPORTED_EXACT,True,Verified in NL text: exact literal match found.
185467,415.0,assign_to_demands,Yes,TEXT_SUPPORTED_EXACT,TEXT_SUPPORTED_EXACT,True,Verified in NL text: exact literal match found.
185467,406.0,assign_to_demands,Yes,TEXT_SUPPORTED_EXACT,TEXT_SUPPORTED_EXACT,True,Verified in NL text: exact literal match found.
185467,400.0,assign_to_demands,Yes,TEXT_SUPPORTED_EXACT,TEXT_SUPPORTED_EXACT,True,Verified in NL text: exact literal match found.
185467,417.0,assign_to_demands,Yes,TEXT_SUPPORTED_EXACT,TEXT_SUPPORTED_EXACT,True,Verified in NL text: exact literal match found.
185467,377.0,assign_to_demands,Yes,TEXT_SUPPORTED_EXACT,TEXT_SUPPORTED_EXACT,True,Verified in NL text: exact literal match found.
185467,1018.0,assign_to_capacities | assign_to_capacities,Yes,TEXT_SUPPORTED_EXACT,TEXT_SUPPORTED_EXACT,True,Verified in NL text: exact literal match found.
185467,1026.0,assign_to_capacities,Yes,TEXT_SUPPORTED_EXACT,TEXT_SUPPORTED_EXACT,True,Verified in NL text: exact literal match found.
185467,1006.0,assign_to_capacities,Yes,TEXT_SUPPORTED_EXACT,TEXT_SUPPORTED_EXACT,True,Verified in NL text: exact literal match found.
185467,981.0,assign_to_capacities,Yes,TEXT_SUPPORTED_EXACT,TEXT_SUPPORTED_EXACT,True,Verified in NL text: exact literal match found.
185467,1046.0,assign_to_capacities,Yes,TEXT_SUPPORTED_EXACT,TEXT_SUPPORTED_EXACT,True,Verified in NL text: exact literal match found.
185467,66.0,assign_to_shipping_costs | assign_to_shipping_costs | assign_to_shipping_costs | assign_to_shipping_costs | assign_to_shipping_costs | assign_to_shipping_costs | assign_to_shipping_costs | assign_to_shipping_costs,Yes,TEXT_SUPPORTED_EXACT,TEXT_SUPPORTED_EXACT,True,Verified in NL text: exact literal match found.
185467,69.0,assign_to_shipping_costs | assign_to_shipping_costs | assign_to_shipping_costs | assign_to_shipping_costs | assign_to_shipping_costs | assign_to_shipping_costs | assign_to_shipping_costs | assign_to_shipping_costs | assign_to_shipping_costs | assign_to_shipping_costs,Yes,TEXT_SUPPORTED_EXACT,TEXT_SUPPORTED_EXACT,True,Verified in NL text: exact literal match found.
185467,65.0,assign_to_shipping_costs | assign_to_shipping_costs | assign_to_shipping_costs | assign_to_shipping_costs | assign_to_shipping_costs | assign_to_shipping_costs,No,ARRAY_OR_DIMENSION_CONSTANT,ARRAY_OR_DIMENSION_CONSTANT,True,"Implementation detail: structural array size or shape parameter (e.g., number of items/facilities)."
185467,67.0,assign_to_shipping_costs | assign_to_shipping_costs | assign_to_shipping_costs | assign_to_shipping_costs | assign_to_shipping_costs | assign_to_shipping_costs | assign_to_shipping_costs | assign_to_shipping_costs | assign_to_shipping_costs | assign_to_shipping_costs,No,ARRAY_OR_DIMENSION_CONSTANT,ARRAY_OR_DIMENSION_CONSTANT,True,"Implementation detail: structural array size or shape parameter (e.g., number of items/facilities)."
185467,68.0,assign_to_shipping_costs | assign_to_shipping_costs | assign_to_shipping_costs | assign_to_shipping_costs | assign_to_shipping_costs | assign_to_shipping_costs | assign_to_shipping_costs | assign_to_shipping_costs | assign_to_shipping_costs | assign_to_shipping_costs,No,ARRAY_OR_DIMENSION_CONSTANT,ARRAY_OR_DIMENSION_CONSTANT,True,"Implementation detail: structural array size or shape parameter (e.g., number of items/facilities)."
185467,70.0,assign_to_shipping_costs | assign_to_shipping_costs | assign_to_shipping_costs | assign_to_shipping_costs | assign_to_shipping_costs | assign_to_shipping_costs | assign_to_shipping_costs | assign_to_shipping_costs | assign_to_shipping_costs | assign_to_shipping_costs,Yes,TEXT_SUPPORTED_EXACT,TEXT_SUPPORTED_EXACT,True,Verified in NL text: exact literal match found.
185467,60.0,assign_to_shipping_costs,Yes,TEXT_SUPPORTED_EXACT,TEXT_SUPPORTED_EXACT,True,Verified in NL text: exact literal match found.
185467,64.0,assign_to_shipping_costs | assign_to_shipping_costs | assign_to_shipping_costs,No,ARRAY_OR_DIMENSION_CONSTANT,ARRAY_OR_DIMENSION_CONSTANT,True,"Implementation detail: structural array size or shape parameter (e.g., number of items/facilities)."
185467,62.0,assign_to_shipping_costs,No,ARRAY_OR_DIMENSION_CONSTANT,ARRAY_OR_DIMENSION_CONSTANT,True,"Implementation detail: structural array size or shape parameter (e.g., number of items/facilities)."
185467,63.0,assign_to_shipping_costs,No,ARRAY_OR_DIMENSION_CONSTANT,ARRAY_OR_DIMENSION_CONSTANT,True,"Implementation detail: structural array size or shape parameter (e.g., number of items/facilities)."
185467,0.5,is_x_compare,No,SOLVER_OR_API_CONSTANT,SOLVER_OR_API_CONSTANT,True,"Implementation detail: Gurobi solver parameter, status constant, or comparison threshold (e.g. status == 2 or x > 0.5)."
6982,2.0,assign_to_locations | assign_to_supply | assign_to_fixed_costs | assign_to_fixed_costs | assign_to_fixed_costs | assign_to_fixed_costs | assign_to_fixed_costs | assign_to_fixed_costs | assign_to_fixed_costs | assign_to_fixed_costs | assign_to_variable_costs | assign_to_variable_costs | assign_to_variable_costs | assign_to_variable_costs | assign_to_variable_costs | assign_to_variable_costs | assign_to_variable_costs | assign_to_variable_costs | assign_to_capacities | assign_to_capacities | assign_to_capacities | assign_to_capacities | assign_to_capacities | assign_to_capacities | assign_to_capacities | assign_to_capacities,Yes,TEXT_SUPPORTED_EXACT,TEXT_SUPPORTED_EXACT,True,Verified in NL text: exact literal match found.
6982,3.0,assign_to_locations | assign_to_supply | assign_to_fixed_costs | assign_to_fixed_costs | assign_to_fixed_costs | assign_to_fixed_costs | assign_to_fixed_costs | assign_to_fixed_costs | assign_to_fixed_costs | assign_to_fixed_costs | assign_to_variable_costs | assign_to_variable_costs | assign_to_variable_costs | assign_to_variable_costs | assign_to_variable_costs | assign_to_variable_costs | assign_to_variable_costs | assign_to_variable_costs | assign_to_capacities | assign_to_capacities | assign_to_capacities | assign_to_capacities | assign_to_capacities | assign_to_capacities | assign_to_capacities | assign_to_capacities,Yes,TEXT_SUPPORTED_EXACT,TEXT_SUPPORTED_EXACT,True,Verified in NL text: exact literal match found.
6982,4.0,assign_to_locations | assign_to_supply | assign_to_fixed_costs | assign_to_fixed_costs | assign_to_fixed_costs | assign_to_fixed_costs | assign_to_fixed_costs | assign_to_fixed_costs | assign_to_fixed_costs | assign_to_fixed_costs | assign_to_variable_costs | assign_to_variable_costs | assign_to_variable_costs | assign_to_variable_costs | assign_to_variable_costs | assign_to_variable_costs | assign_to_variable_costs | assign_to_variable_costs | assign_to_capacities | assign_to_capacities | assign_to_capacities | assign_to_capacities | assign_to_capacities | assign_to_capacities | assign_to_capacities | assign_to_capacities,Yes,TEXT_SUPPORTED_EXACT,TEXT_SUPPORTED_EXACT,True,Verified in NL text: exact literal match found.
6982,512.0,assign_to_supply,Yes,TEXT_SUPPORTED_EXACT,TEXT_SUPPORTED_EXACT,True,Verified in NL text: exact literal match found.
6982,488.0,assign_to_supply,Yes,TEXT_SUPPORTED_EXACT,TEXT_SUPPORTED_EXACT,True,Verified in NL text: exact literal match found.
6982,-951.0,assign_to_supply,Yes,TEXT_SUPPORTED_DERIVED,TEXT_SUPPORTED_DERIVED,True,Verified in NL text: value derived deterministically (e.g. negated objective coefficient or multiplier).
6982,-49.0,assign_to_supply,Yes,TEXT_SUPPORTED_DERIVED,TEXT_SUPPORTED_DERIVED,True,Verified in NL text: value derived deterministically (e.g. negated objective coefficient or multiplier).
6982,2064.0,assign_to_fixed_costs,Yes,TEXT_SUPPORTED_EXACT,TEXT_SUPPORTED_EXACT,True,Verified in NL text: exact literal match found.
6982,2018.0,assign_to_fixed_costs,Yes,TEXT_SUPPORTED_EXACT,TEXT_SUPPORTED_EXACT,True,Verified in NL text: exact literal match found.
6982,1924.0,assign_to_fixed_costs,Yes,TEXT_SUPPORTED_EXACT,TEXT_SUPPORTED_EXACT,True,Verified in NL text: exact literal match found.
6982,1901.0,assign_to_fixed_costs,Yes,TEXT_SUPPORTED_EXACT,TEXT_SUPPORTED_EXACT,True,Verified in NL text: exact literal match found.
6982,2054.0,assign_to_fixed_costs,Yes,TEXT_SUPPORTED_EXACT,TEXT_SUPPORTED_EXACT,True,Verified in NL text: exact literal match found.
6982,1946.0,assign_to_fixed_costs,Yes,TEXT_SUPPORTED_EXACT,TEXT_SUPPORTED_EXACT,True,Verified in NL text: exact literal match found.
6982,2100.0,assign_to_fixed_costs,Yes,TEXT_SUPPORTED_EXACT,TEXT_SUPPORTED_EXACT,True,Verified in NL text: exact literal match found.
6982,2044.0,assign_to_fixed_costs,Yes,TEXT_SUPPORTED_EXACT,TEXT_SUPPORTED_EXACT,True,Verified in NL text: exact literal match found.
6982,2027.0,assign_to_fixed_costs,Yes,TEXT_SUPPORTED_EXACT,TEXT_SUPPORTED_EXACT,True,Verified in NL text: exact literal match found.
6982,1941.0,assign_to_fixed_costs,Yes,TEXT_SUPPORTED_EXACT,TEXT_SUPPORTED_EXACT,True,Verified in NL text: exact literal match found.
6982,2045.0,assign_to_fixed_costs,Yes,TEXT_SUPPORTED_EXACT,TEXT_SUPPORTED_EXACT,True,Verified in NL text: exact literal match found.
6982,1958.0,assign_to_fixed_costs,Yes,TEXT_SUPPORTED_EXACT,TEXT_SUPPORTED_EXACT,True,Verified in NL text: exact literal match found.
6982,1903.0,assign_to_fixed_costs,Yes,TEXT_SUPPORTED_EXACT,TEXT_SUPPORTED_EXACT,True,Verified in NL text: exact literal match found.
6982,2035.0,assign_to_fixed_costs,Yes,TEXT_SUPPORTED_EXACT,TEXT_SUPPORTED_EXACT,True,Verified in NL text: exact literal match found.
6982,1904.0,assign_to_fixed_costs,Yes,TEXT_SUPPORTED_EXACT,TEXT_SUPPORTED_EXACT,True,Verified in NL text: exact literal match found.
6982,1945.0,assign_to_fixed_costs,Yes,TEXT_SUPPORTED_EXACT,TEXT_SUPPORTED_EXACT,True,Verified in NL text: exact literal match found.
6982,1964.0,assign_to_fixed_costs,Yes,TEXT_SUPPORTED_EXACT,TEXT_SUPPORTED_EXACT,True,Verified in NL text: exact literal match found.
6982,2095.0,assign_to_fixed_costs,Yes,TEXT_SUPPORTED_EXACT,TEXT_SUPPORTED_EXACT,True,Verified in NL text: exact literal match found.
6982,2059.0,assign_to_fixed_costs,Yes,TEXT_SUPPORTED_EXACT,TEXT_SUPPORTED_EXACT,True,Verified in NL text: exact literal match found.
6982,1911.0,assign_to_fixed_costs,Yes,TEXT_SUPPORTED_EXACT,TEXT_SUPPORTED_EXACT,True,Verified in NL text: exact literal match found.
6982,21.0,assign_to_variable_costs | assign_to_variable_costs | assign_to_variable_costs | assign_to_variable_costs | assign_to_variable_costs | assign_to_variable_costs | assign_to_variable_costs | assign_to_variable_costs | assign_to_variable_costs | assign_to_variable_costs | assign_to_variable_costs,Yes,TEXT_SUPPORTED_EXACT,TEXT_SUPPORTED_EXACT,True,Verified in NL text: exact literal match found.
6982,20.0,assign_to_variable_costs | assign_to_variable_costs | assign_to_variable_costs | assign_to_variable_costs | assign_to_variable_costs | assign_to_variable_costs | assign_to_variable_costs,Yes,TEXT_SUPPORTED_EXACT,TEXT_SUPPORTED_EXACT,True,Verified in NL text: exact literal match found.
6982,19.0,assign_to_variable_costs | assign_to_variable_costs,Yes,TEXT_SUPPORTED_EXACT,TEXT_SUPPORTED_EXACT,True,Verified in NL text: exact literal match found.
6982,823.0,assign_to_capacities,Yes,TEXT_SUPPORTED_EXACT,TEXT_SUPPORTED_EXACT,True,Verified in NL text: exact literal match found.
6982,645.0,assign_to_capacities | assign_to_capacities,Yes,TEXT_SUPPORTED_EXACT,TEXT_SUPPORTED_EXACT,True,Verified in NL text: exact literal match found.
6982,820.0,assign_to_capacities,Yes,TEXT_SUPPORTED_EXACT,TEXT_SUPPORTED_EXACT,True,Verified in NL text: exact literal match found.
6982,612.0,assign_to_capacities,Yes,TEXT_SUPPORTED_EXACT,TEXT_SUPPORTED_EXACT,True,Verified in NL text: exact literal match found.
6982,546.0,assign_to_capacities,Yes,TEXT_SUPPORTED_EXACT,TEXT_SUPPORTED_EXACT,True,Verified in NL text: exact literal match found.
6982,865.0,assign_to_capacities,Yes,TEXT_SUPPORTED_EXACT,TEXT_SUPPORTED_EXACT,True,Verified in NL text: exact literal match found.
6982,728.0,assign_to_capacities,Yes,TEXT_SUPPORTED_EXACT,TEXT_SUPPORTED_EXACT,True,Verified in NL text: exact literal match found.
6982,526.0,assign_to_capacities,Yes,TEXT_SUPPORTED_EXACT,TEXT_SUPPORTED_EXACT,True,Verified in NL text: exact literal match found.
6982,778.0,assign_to_capacities,Yes,TEXT_SUPPORTED_EXACT,TEXT_SUPPORTED_EXACT,True,Verified in NL text: exact literal match found.
6982,919.0,assign_to_capacities,Yes,TEXT_SUPPORTED_EXACT,TEXT_SUPPORTED_EXACT,True,Verified in NL text: exact literal match found.
6982,723.0,assign_to_capacities,Yes,TEXT_SUPPORTED_EXACT,TEXT_SUPPORTED_EXACT,True,Verified in NL text: exact literal match found.
6982,848.0,assign_to_capacities,Yes,TEXT_SUPPORTED_EXACT,TEXT_SUPPORTED_EXACT,True,Verified in NL text: exact literal match found.
6982,987.0,assign_to_capacities | assign_to_capacities,Yes,TEXT_SUPPORTED_EXACT,TEXT_SUPPORTED_EXACT,True,Verified in NL text: exact literal match found.
6982,856.0,assign_to_capacities,Yes,TEXT_SUPPORTED_EXACT,TEXT_SUPPORTED_EXACT,True,Verified in NL text: exact literal match found.
6982,508.0,assign_to_capacities,Yes,TEXT_SUPPORTED_EXACT,TEXT_SUPPORTED_EXACT,True,Verified in NL text: exact literal match found.
6982,970.0,assign_to_capacities,Yes,TEXT_SUPPORTED_EXACT,TEXT_SUPPORTED_EXACT,True,Verified in NL text: exact literal match found.
6982,939.0,assign_to_capacities,Yes,TEXT_SUPPORTED_EXACT,TEXT_SUPPORTED_EXACT,True,Verified in NL text: exact literal match found.
6982,680.0,assign_to_capacities,Yes,TEXT_SUPPORTED_EXACT,TEXT_SUPPORTED_EXACT,True,Verified in NL text: exact literal match found.
6982,0.5,is_x_compare,No,SOLVER_OR_API_CONSTANT,SOLVER_OR_API_CONSTANT,True,"Implementation detail: Gurobi solver parameter, status constant, or comparison threshold (e.g. status == 2 or x > 0.5)."
77932,2.0,assign_to_items | assign_to_bins,Yes,TEXT_SUPPORTED_EXACT,TEXT_SUPPORTED_EXACT,True,Verified in NL text: exact literal match found.
77932,3.0,assign_to_items | assign_to_bins,Yes,TEXT_SUPPORTED_EXACT,TEXT_SUPPORTED_EXACT,True,Verified in NL text: exact literal match found.
77932,4.0,assign_to_items | assign_to_bins,Yes,TEXT_SUPPORTED_EXACT,TEXT_SUPPORTED_EXACT,True,Verified in NL text: exact literal match found.
77932,5.0,assign_to_items | assign_to_bins,Yes,TEXT_SUPPORTED_EXACT,TEXT_SUPPORTED_EXACT,True,Verified in NL text: exact literal match found.
77932,6.0,assign_to_items | assign_to_bins,Yes,TEXT_SUPPORTED_EXACT,TEXT_SUPPORTED_EXACT,True,Verified in NL text: exact literal match found.
77932,7.0,assign_to_items | assign_to_bins,Yes,TEXT_SUPPORTED_EXACT,TEXT_SUPPORTED_EXACT,True,Verified in NL text: exact literal match found.
77932,30.0,assign_to_weights,Yes,TEXT_SUPPORTED_EXACT,TEXT_SUPPORTED_EXACT,True,Verified in NL text: exact literal match found.
77932,35.0,assign_to_weights | assign_to_weights | assign_to_weights,Yes,TEXT_SUPPORTED_EXACT,TEXT_SUPPORTED_EXACT,True,Verified in NL text: exact literal match found.
77932,34.0,assign_to_weights,Yes,TEXT_SUPPORTED_EXACT,TEXT_SUPPORTED_EXACT,True,Verified in NL text: exact literal match found.
77932,33.0,assign_to_weights | assign_to_weights,Yes,TEXT_SUPPORTED_EXACT,TEXT_SUPPORTED_EXACT,True,Verified in NL text: exact literal match found.
77932,32.0,assign_to_weights,Yes,TEXT_SUPPORTED_EXACT,TEXT_SUPPORTED_EXACT,True,Verified in NL text: exact literal match found.
77932,100.0,assign_to_bin_capacity,Yes,TEXT_SUPPORTED_EXACT,TEXT_SUPPORTED_EXACT,True,Verified in NL text: exact literal match found.
77932,0.5,is_x_compare | is_x_compare,No,SOLVER_OR_API_CONSTANT,SOLVER_OR_API_CONSTANT,True,"Implementation detail: Gurobi solver parameter, status constant, or comparison threshold (e.g. status == 2 or x > 0.5)."
79555,861.0,assign_to_revenue,Yes,TEXT_SUPPORTED_EXACT,TEXT_SUPPORTED_EXACT,True,Verified in NL text: exact literal match found.
79555,750.0,assign_to_revenue,Yes,TEXT_SUPPORTED_EXACT,TEXT_SUPPORTED_EXACT,True,Verified in NL text: exact literal match found.
79555,711.0,assign_to_revenue,Yes,TEXT_SUPPORTED_EXACT,TEXT_SUPPORTED_EXACT,True,Verified in NL text: exact literal match found.
79555,752.0,assign_to_revenue,Yes,TEXT_SUPPORTED_EXACT,TEXT_SUPPORTED_EXACT,True,Verified in NL text: exact literal match found.
79555,777.0,assign_to_revenue,Yes,TEXT_SUPPORTED_EXACT,TEXT_SUPPORTED_EXACT,True,Verified in NL text: exact literal match found.
79555,782.0,assign_to_revenue,Yes,TEXT_SUPPORTED_EXACT,TEXT_SUPPORTED_EXACT,True,Verified in NL text: exact literal match found.
79555,654.0,assign_to_revenue,Yes,TEXT_SUPPORTED_EXACT,TEXT_SUPPORTED_EXACT,True,Verified in NL text: exact literal match found.
79555,804.0,assign_to_revenue,Yes,TEXT_SUPPORTED_EXACT,TEXT_SUPPORTED_EXACT,True,Verified in NL text: exact literal match found.
79555,746.0,assign_to_revenue,Yes,TEXT_SUPPORTED_EXACT,TEXT_SUPPORTED_EXACT,True,Verified in NL text: exact literal match found.
79555,652.0,assign_to_revenue,Yes,TEXT_SUPPORTED_EXACT,TEXT_SUPPORTED_EXACT,True,Verified in NL text: exact literal match found.
79555,39.0,assign_to_demand,Yes,TEXT_SUPPORTED_EXACT,TEXT_SUPPORTED_EXACT,True,Verified in NL text: exact literal match found.
79555,16.0,assign_to_demand,Yes,TEXT_SUPPORTED_EXACT,TEXT_SUPPORTED_EXACT,True,Verified in NL text: exact literal match found.
79555,23.0,assign_to_demand,Yes,TEXT_SUPPORTED_EXACT,TEXT_SUPPORTED_EXACT,True,Verified in NL text: exact literal match found.
79555,47.0,assign_to_demand | assign_to_demand,Yes,TEXT_SUPPORTED_EXACT,TEXT_SUPPORTED_EXACT,True,Verified in NL text: exact literal match found.
79555,36.0,assign_to_demand,Yes,TEXT_SUPPORTED_EXACT,TEXT_SUPPORTED_EXACT,True,Verified in NL text: exact literal match found.
79555,24.0,assign_to_demand,Yes,TEXT_SUPPORTED_EXACT,TEXT_SUPPORTED_EXACT,True,Verified in NL text: exact literal match found.
79555,49.0,assign_to_demand,Yes,TEXT_SUPPORTED_EXACT,TEXT_SUPPORTED_EXACT,True,Verified in NL text: exact literal match found.
79555,20.0,assign_to_demand,Yes,TEXT_SUPPORTED_EXACT,TEXT_SUPPORTED_EXACT,True,Verified in NL text: exact literal match found.
79555,19.0,assign_to_demand,Yes,TEXT_SUPPORTED_EXACT,TEXT_SUPPORTED_EXACT,True,Verified in NL text: exact literal match found.
79555,267.0,assign_to_flight_capacity,Yes,TEXT_SUPPORTED_EXACT,TEXT_SUPPORTED_EXACT,True,Verified in NL text: exact literal match found.
79555,283.0,assign_to_flight_capacity,Yes,TEXT_SUPPORTED_EXACT,TEXT_SUPPORTED_EXACT,True,Verified in NL text: exact literal match found.
79555,210.0,assign_to_flight_capacity,Yes,TEXT_SUPPORTED_EXACT,TEXT_SUPPORTED_EXACT,True,Verified in NL text: exact literal match found.
79555,296.0,assign_to_flight_capacity,Yes,TEXT_SUPPORTED_EXACT,TEXT_SUPPORTED_EXACT,True,Verified in NL text: exact literal match found.
79555,498.0,assign_to_flight_capacity,Yes,TEXT_SUPPORTED_EXACT,TEXT_SUPPORTED_EXACT,True,Verified in NL text: exact literal match found.
79555,260.0,assign_to_flight_capacity,Yes,TEXT_SUPPORTED_EXACT,TEXT_SUPPORTED_EXACT,True,Verified in NL text: exact literal match found.
79555,220.0,assign_to_flight_capacity,Yes,TEXT_SUPPORTED_EXACT,TEXT_SUPPORTED_EXACT,True,Verified in NL text: exact literal match found.
79555,497.0,assign_to_flight_capacity,Yes,TEXT_SUPPORTED_EXACT,TEXT_SUPPORTED_EXACT,True,Verified in NL text: exact literal match found.
79555,448.0,assign_to_flight_capacity,Yes,TEXT_SUPPORTED_EXACT,TEXT_SUPPORTED_EXACT,True,Verified in NL text: exact literal match found.
79555,2.0,assign_to_flight_legs | assign_to_flight_legs | assign_to_flight_legs | assign_to_flight_legs | assign_to_flight_legs | assign_to_flight_legs | assign_to_flight_legs,Yes,TEXT_SUPPORTED_EXACT,TEXT_SUPPORTED_EXACT,True,Verified in NL text: exact literal match found.
79555,4.0,assign_to_flight_legs | assign_to_flight_legs | assign_to_flight_legs | assign_to_flight_legs | assign_to_flight_legs,Yes,TEXT_SUPPORTED_EXACT,TEXT_SUPPORTED_EXACT,True,Verified in NL text: exact literal match found.
79555,5.0,assign_to_flight_legs | assign_to_flight_legs | assign_to_flight_legs | assign_to_flight_legs,Yes,TEXT_SUPPORTED_EXACT,TEXT_SUPPORTED_EXACT,True,Verified in NL text: exact literal match found.
79555,9.0,assign_to_flight_legs | assign_to_flight_legs | assign_to_flight_legs | assign_to_flight_legs | assign_to_flight_legs | inside_call_range; in_range,Yes,TEXT_SUPPORTED_EXACT,TEXT_SUPPORTED_EXACT,True,Verified in NL text: exact literal match found.
79555,3.0,assign_to_flight_legs | assign_to_flight_legs | assign_to_flight_legs | assign_to_flight_legs | assign_to_flight_legs | assign_to_flight_legs,Yes,TEXT_SUPPORTED_EXACT,TEXT_SUPPORTED_EXACT,True,Verified in NL text: exact literal match found.
79555,6.0,assign_to_flight_legs | assign_to_flight_legs | assign_to_flight_legs | assign_to_flight_legs,Yes,TEXT_SUPPORTED_EXACT,TEXT_SUPPORTED_EXACT,True,Verified in NL text: exact literal match found.
79555,8.0,assign_to_flight_legs | assign_to_flight_legs | assign_to_flight_legs | assign_to_flight_legs | assign_to_flight_legs | assign_to_flight_legs,Yes,TEXT_SUPPORTED_EXACT,TEXT_SUPPORTED_EXACT,True,Verified in NL text: exact literal match found.
79555,7.0,assign_to_flight_legs,Yes,TEXT_SUPPORTED_EXACT,TEXT_SUPPORTED_EXACT,True,Verified in NL text: exact literal match found.
79555,10.0,assign_to_x; inside_call_model.addVars | inside_call_range; in_range | inside_call_range; in_range | inside_call_range; in_range,Yes,TEXT_SUPPORTED_EXACT,TEXT_SUPPORTED_EXACT,True,Verified in NL text: exact literal match found.
36727,11.0,assign_to_products; inside_call_range; in_range,Yes,TEXT_SUPPORTED_EXACT,TEXT_SUPPORTED_EXACT,True,Verified in NL text: exact literal match found.
36727,377.0,assign_to_profit,Yes,TEXT_SUPPORTED_EXACT,TEXT_SUPPORTED_EXACT,True,Verified in NL text: exact literal match found.
36727,446.0,assign_to_profit,Yes,TEXT_SUPPORTED_EXACT,TEXT_SUPPORTED_EXACT,True,Verified in NL text: exact literal match found.
36727,429.0,assign_to_profit,Yes,TEXT_SUPPORTED_EXACT,TEXT_SUPPORTED_EXACT,True,Verified in NL text: exact literal match found.
36727,445.0,assign_to_profit,Yes,TEXT_SUPPORTED_EXACT,TEXT_SUPPORTED_EXACT,True,Verified in NL text: exact literal match found.
36727,400.0,assign_to_profit,Yes,TEXT_SUPPORTED_EXACT,TEXT_SUPPORTED_EXACT,True,Verified in NL text: exact literal match found.
36727,425.0,assign_to_profit,Yes,TEXT_SUPPORTED_EXACT,TEXT_SUPPORTED_EXACT,True,Verified in NL text: exact literal match found.
36727,350.0,assign_to_profit,Yes,TEXT_SUPPORTED_EXACT,TEXT_SUPPORTED_EXACT,True,Verified in NL text: exact literal match found.
36727,365.0,assign_to_profit,Yes,TEXT_SUPPORTED_EXACT,TEXT_SUPPORTED_EXACT,True,Verified in NL text: exact literal match found.
36727,366.0,assign_to_profit,Yes,TEXT_SUPPORTED_EXACT,TEXT_SUPPORTED_EXACT,True,Verified in NL text: exact literal match found.
36727,440.0,assign_to_profit,Yes,TEXT_SUPPORTED_EXACT,TEXT_SUPPORTED_EXACT,True,Verified in NL text: exact literal match found.
36727,375.0,assign_to_profit,Yes,TEXT_SUPPORTED_EXACT,TEXT_SUPPORTED_EXACT,True,Verified in NL text: exact literal match found.
36727,0.1,assign_to_time_required | assign_to_time_required | assign_to_time_required | assign_to_time_required,Yes,TEXT_SUPPORTED_EXACT,TEXT_SUPPORTED_EXACT,True,Verified in NL text: exact literal match found.
36727,0.1111,assign_to_time_required | assign_to_time_required,Yes,TEXT_SUPPORTED_EXACT,TEXT_SUPPORTED_EXACT,True,Verified in NL text: exact literal match found.
36727,0.1667,assign_to_time_required | assign_to_time_required,Yes,TEXT_SUPPORTED_EXACT,TEXT_SUPPORTED_EXACT,True,Verified in NL text: exact literal match found.
36727,0.1429,assign_to_time_required | assign_to_time_required,Yes,TEXT_SUPPORTED_EXACT,TEXT_SUPPORTED_EXACT,True,Verified in NL text: exact literal match found.
36727,0.125,assign_to_time_required,Yes,TEXT_SUPPORTED_EXACT,TEXT_SUPPORTED_EXACT,True,Verified in NL text: exact literal match found.
36727,85.0,assign_to_min_production,Yes,TEXT_SUPPORTED_EXACT,TEXT_SUPPORTED_EXACT,True,Verified in NL text: exact literal match found.
36727,71.0,assign_to_min_production,Yes,TEXT_SUPPORTED_EXACT,TEXT_SUPPORTED_EXACT,True,Verified in NL text: exact literal match found.
36727,88.0,assign_to_min_production,Yes,TEXT_SUPPORTED_EXACT,TEXT_SUPPORTED_EXACT,True,Verified in NL text: exact literal match found.
36727,86.0,assign_to_min_production,Yes,TEXT_SUPPORTED_EXACT,TEXT_SUPPORTED_EXACT,True,Verified in NL text: exact literal match found.
36727,77.0,assign_to_min_production | assign_to_min_production | assign_to_min_production,Yes,TEXT_SUPPORTED_EXACT,TEXT_SUPPORTED_EXACT,True,Verified in NL text: exact literal match found.
36727,72.0,assign_to_min_production,Yes,TEXT_SUPPORTED_EXACT,TEXT_SUPPORTED_EXACT,True,Verified in NL text: exact literal match found.
36727,90.0,assign_to_min_production,Yes,TEXT_SUPPORTED_EXACT,TEXT_SUPPORTED_EXACT,True,Verified in NL text: exact literal match found.
36727,84.0,assign_to_min_production,Yes,TEXT_SUPPORTED_EXACT,TEXT_SUPPORTED_EXACT,True,Verified in NL text: exact literal match found.
36727,89.0,assign_to_min_production,Yes,TEXT_SUPPORTED_EXACT,TEXT_SUPPORTED_EXACT,True,Verified in NL text: exact literal match found.
36727,151.0,assign_to_max_production | assign_to_max_production,Yes,TEXT_SUPPORTED_EXACT,TEXT_SUPPORTED_EXACT,True,Verified in NL text: exact literal match found.
36727,143.0,assign_to_max_production | assign_to_max_production,Yes,TEXT_SUPPORTED_EXACT,TEXT_SUPPORTED_EXACT,True,Verified in NL text: exact literal match found.
36727,144.0,assign_to_max_production,Yes,TEXT_SUPPORTED_EXACT,TEXT_SUPPORTED_EXACT,True,Verified in NL text: exact literal match found.
36727,154.0,assign_to_max_production | assign_to_max_production,Yes,TEXT_SUPPORTED_EXACT,TEXT_SUPPORTED_EXACT,True,Verified in NL text: exact literal match found.
36727,146.0,assign_to_max_production,Yes,TEXT_SUPPORTED_EXACT,TEXT_SUPPORTED_EXACT,True,Verified in NL text: exact literal match found.
36727,149.0,assign_to_max_production,Yes,TEXT_SUPPORTED_EXACT,TEXT_SUPPORTED_EXACT,True,Verified in NL text: exact literal match found.
36727,157.0,assign_to_max_production,Yes,TEXT_SUPPORTED_EXACT,TEXT_SUPPORTED_EXACT,True,Verified in NL text: exact literal match found.
36727,156.0,assign_to_max_production,Yes,TEXT_SUPPORTED_EXACT,TEXT_SUPPORTED_EXACT,True,Verified in NL text: exact literal match found.
36727,168.0,assign_to_total_time_available,Yes,TEXT_SUPPORTED_EXACT,TEXT_SUPPORTED_EXACT,True,Verified in NL text: exact literal match found.
112228,2.0,assign_to_companies | assign_to_markets | assign_to_profit | assign_to_profit | assign_to_profit | assign_to_profit | assign_to_profit | assign_to_profit | assign_to_profit | assign_to_demand,Yes,TEXT_SUPPORTED_EXACT,TEXT_SUPPORTED_EXACT,True,Verified in NL text: exact literal match found.
112228,3.0,assign_to_companies | assign_to_profit | assign_to_profit | assign_to_profit,Yes,TEXT_SUPPORTED_EXACT,TEXT_SUPPORTED_EXACT,True,Verified in NL text: exact literal match found.
112228,8.0,assign_to_profit | assign_to_profit | assign_to_profit | assign_to_profit,Yes,TEXT_SUPPORTED_EXACT,TEXT_SUPPORTED_EXACT,True,Verified in NL text: exact literal match found.
112228,7.0,assign_to_profit | assign_to_profit,Yes,TEXT_SUPPORTED_EXACT,TEXT_SUPPORTED_EXACT,True,Verified in NL text: exact literal match found.
112228,6.0,assign_to_profit,Yes,TEXT_SUPPORTED_EXACT,TEXT_SUPPORTED_EXACT,True,Verified in NL text: exact literal match found.
112228,4.0,assign_to_profit,Yes,TEXT_SUPPORTED_EXACT,TEXT_SUPPORTED_EXACT,True,Verified in NL text: exact literal match found.
112228,5.0,assign_to_profit | assign_to_profit,Yes,TEXT_SUPPORTED_EXACT,TEXT_SUPPORTED_EXACT,True,Verified in NL text: exact literal match found.
112228,10.0,assign_to_profit,Yes,TEXT_SUPPORTED_EXACT,TEXT_SUPPORTED_EXACT,True,Verified in NL text: exact literal match found.
112228,9.0,assign_to_profit,Yes,TEXT_SUPPORTED_EXACT,TEXT_SUPPORTED_EXACT,True,Verified in NL text: exact literal match found.
112228,19.0,assign_to_demand,Yes,TEXT_SUPPORTED_EXACT,TEXT_SUPPORTED_EXACT,True,Verified in NL text: exact literal match found.
112228,11.0,assign_to_demand | assign_to_demand,Yes,TEXT_SUPPORTED_EXACT,TEXT_SUPPORTED_EXACT,True,Verified in NL text: exact literal match found.
187710,2.0,assign_to_periods | assign_to_machine_requirements | assign_to_machine_requirements | assign_to_machine_requirements | assign_to_machine_requirements | assign_to_machine_requirements | assign_to_sales_limits | assign_to_sales_limits,Yes,TEXT_SUPPORTED_EXACT,TEXT_SUPPORTED_EXACT,True,Verified in NL text: exact literal match found.
187710,3.0,assign_to_periods | assign_to_sales_limits | assign_to_sales_limits | inside_call_model.addConstr; in_index,Yes,TEXT_SUPPORTED_EXACT,TEXT_SUPPORTED_EXACT,True,Verified in NL text: exact literal match found.
187710,180.0,assign_to_profit,Yes,TEXT_SUPPORTED_EXACT,TEXT_SUPPORTED_EXACT,True,Verified in NL text: exact literal match found.
187710,165.0,assign_to_profit,Yes,TEXT_SUPPORTED_EXACT,TEXT_SUPPORTED_EXACT,True,Verified in NL text: exact literal match found.
187710,10.0,assign_to_holding_cost | assign_to_target_inventory,Yes,TEXT_SUPPORTED_EXACT,TEXT_SUPPORTED_EXACT,True,Verified in NL text: exact literal match found.
187710,50.0,assign_to_max_inventory,Yes,TEXT_SUPPORTED_EXACT,TEXT_SUPPORTED_EXACT,True,Verified in NL text: exact literal match found.
187710,240.0,assign_to_machine_capacities,Yes,TEXT_SUPPORTED_EXACT,TEXT_SUPPORTED_EXACT,True,Verified in NL text: exact literal match found.
187710,120.0,assign_to_machine_capacities | assign_to_machine_capacities,Yes,TEXT_SUPPORTED_EXACT,TEXT_SUPPORTED_EXACT,True,Verified in NL text: exact literal match found.
187710,25.0,assign_to_sales_limits,Yes,TEXT_SUPPORTED_EXACT,TEXT_SUPPORTED_EXACT,True,Verified in NL text: exact literal match found.
187710,29.0,assign_to_sales_limits,Yes,TEXT_SUPPORTED_EXACT,TEXT_SUPPORTED_EXACT,True,Verified in NL text: exact literal match found.
187710,43.0,assign_to_sales_limits,Yes,TEXT_SUPPORTED_EXACT,TEXT_SUPPORTED_EXACT,True,Verified in NL text: exact literal match found.
187710,32.0,assign_to_sales_limits,Yes,TEXT_SUPPORTED_EXACT,TEXT_SUPPORTED_EXACT,True,Verified in NL text: exact literal match found.
187710,49.0,assign_to_sales_limits,Yes,TEXT_SUPPORTED_EXACT,TEXT_SUPPORTED_EXACT,True,Verified in NL text: exact literal match found.
187710,46.0,assign_to_sales_limits,Yes,TEXT_SUPPORTED_EXACT,TEXT_SUPPORTED_EXACT,True,Verified in NL text: exact literal match found.
187710,34.0,assign_to_sales_limits,Yes,TEXT_SUPPORTED_EXACT,TEXT_SUPPORTED_EXACT,True,Verified in NL text: exact literal match found.
187710,30.0,assign_to_sales_limits,Yes,TEXT_SUPPORTED_EXACT,TEXT_SUPPORTED_EXACT,True,Verified in NL text: exact literal match found.
22207,4.0,assign_to_num_companies | assign_to_profit | assign_to_profit | assign_to_profit | assign_to_profit,Yes,TEXT_SUPPORTED_EXACT,TEXT_SUPPORTED_EXACT,True,Verified in NL text: exact literal match found.
22207,3.0,assign_to_num_products | assign_to_profit | assign_to_profit | assign_to_profit,Yes,TEXT_SUPPORTED_EXACT,TEXT_SUPPORTED_EXACT,True,Verified in NL text: exact literal match found.
22207,5.0,assign_to_num_markets | assign_to_profit | assign_to_profit | assign_to_profit | assign_to_profit | assign_to_profit | assign_to_profit | assign_to_profit | assign_to_profit,Yes,TEXT_SUPPORTED_EXACT,TEXT_SUPPORTED_EXACT,True,Verified in NL text: exact literal match found.
22207,6.0,assign_to_profit | assign_to_profit | assign_to_profit | assign_to_profit | assign_to_profit | assign_to_profit | assign_to_profit,No,ARRAY_OR_DIMENSION_CONSTANT,ARRAY_OR_DIMENSION_CONSTANT,True,"Implementation detail: structural array size or shape parameter (e.g., number of items/facilities)."
22207,7.0,assign_to_profit | assign_to_profit | assign_to_profit | assign_to_profit | assign_to_profit | assign_to_profit | assign_to_profit | assign_to_profit | assign_to_profit | assign_to_profit,Yes,TEXT_SUPPORTED_EXACT,TEXT_SUPPORTED_EXACT,True,Verified in NL text: exact literal match found.
22207,9.0,assign_to_profit | assign_to_profit | assign_to_profit | assign_to_profit | assign_to_profit | assign_to_profit | assign_to_profit | assign_to_profit,Yes,TEXT_SUPPORTED_EXACT,TEXT_SUPPORTED_EXACT,True,Verified in NL text: exact literal match found.
22207,8.0,assign_to_profit | assign_to_profit | assign_to_profit | assign_to_profit | assign_to_profit | assign_to_profit | assign_to_profit | assign_to_profit,No,ARRAY_OR_DIMENSION_CONSTANT,ARRAY_OR_DIMENSION_CONSTANT,True,"Implementation detail: structural array size or shape parameter (e.g., number of items/facilities)."
22207,10.0,assign_to_profit | assign_to_profit | assign_to_profit | assign_to_profit | assign_to_profit,Yes,TEXT_SUPPORTED_EXACT,TEXT_SUPPORTED_EXACT,True,Verified in NL text: exact literal match found.
22207,11.0,assign_to_profit | assign_to_profit | assign_to_profit | assign_to_profit,No,ARRAY_OR_DIMENSION_CONSTANT,ARRAY_OR_DIMENSION_CONSTANT,True,"Implementation detail: structural array size or shape parameter (e.g., number of items/facilities)."
22207,12.0,assign_to_profit | assign_to_profit,No,ARRAY_OR_DIMENSION_CONSTANT,ARRAY_OR_DIMENSION_CONSTANT,True,"Implementation detail: structural array size or shape parameter (e.g., number of items/facilities)."
22207,13.0,assign_to_profit,No,ARRAY_OR_DIMENSION_CONSTANT,ARRAY_OR_DIMENSION_CONSTANT,True,"Implementation detail: structural array size or shape parameter (e.g., number of items/facilities)."
22207,16.0,assign_to_demand | assign_to_demand,Yes,TEXT_SUPPORTED_EXACT,TEXT_SUPPORTED_EXACT,True,Verified in NL text: exact literal match found.
22207,18.0,assign_to_demand | assign_to_demand,Yes,TEXT_SUPPORTED_EXACT,TEXT_SUPPORTED_EXACT,True,Verified in NL text: exact literal match found.
22207,21.0,assign_to_demand | assign_to_demand,Yes,TEXT_SUPPORTED_EXACT,TEXT_SUPPORTED_EXACT,True,Verified in NL text: exact literal match found.
22207,22.0,assign_to_demand,No,ARRAY_OR_DIMENSION_CONSTANT,ARRAY_OR_DIMENSION_CONSTANT,True,"Implementation detail: structural array size or shape parameter (e.g., number of items/facilities)."
22207,24.0,assign_to_demand,Yes,TEXT_SUPPORTED_EXACT,TEXT_SUPPORTED_EXACT,True,Verified in NL text: exact literal match found.
22207,17.0,assign_to_demand | assign_to_demand | assign_to_demand,Yes,TEXT_SUPPORTED_EXACT,TEXT_SUPPORTED_EXACT,True,Verified in NL text: exact literal match found.
22207,19.0,assign_to_demand,No,ARRAY_OR_DIMENSION_CONSTANT,ARRAY_OR_DIMENSION_CONSTANT,True,"Implementation detail: structural array size or shape parameter (e.g., number of items/facilities)."
22207,25.0,assign_to_demand,Yes,TEXT_SUPPORTED_EXACT,TEXT_SUPPORTED_EXACT,True,Verified in NL text: exact literal match found.
22207,15.0,assign_to_demand,Yes,TEXT_SUPPORTED_EXACT,TEXT_SUPPORTED_EXACT,True,Verified in NL text: exact literal match found.
22207,20.0,assign_to_demand,Yes,TEXT_SUPPORTED_EXACT,TEXT_SUPPORTED_EXACT,True,Verified in NL text: exact literal match found.
11802,30.0,assign_to_supply,Yes,TEXT_SUPPORTED_EXACT,TEXT_SUPPORTED_EXACT,True,Verified in NL text: exact literal match found.
11802,39.0,assign_to_supply | assign_to_demand,Yes,TEXT_SUPPORTED_EXACT,TEXT_SUPPORTED_EXACT,True,Verified in NL text: exact literal match found.
11802,38.0,assign_to_supply | assign_to_demand,Yes,TEXT_SUPPORTED_EXACT,TEXT_SUPPORTED_EXACT,True,Verified in NL text: exact literal match found.
11802,45.0,assign_to_supply | assign_to_demand,Yes,TEXT_SUPPORTED_EXACT,TEXT_SUPPORTED_EXACT,True,Verified in NL text: exact literal match found.
11802,41.0,assign_to_supply,Yes,TEXT_SUPPORTED_EXACT,TEXT_SUPPORTED_EXACT,True,Verified in NL text: exact literal match found.
11802,36.0,assign_to_demand,Yes,TEXT_SUPPORTED_EXACT,TEXT_SUPPORTED_EXACT,True,Verified in NL text: exact literal match found.
11802,35.0,assign_to_demand,Yes,TEXT_SUPPORTED_EXACT,TEXT_SUPPORTED_EXACT,True,Verified in NL text: exact literal match found.
11802,6.0,assign_to_cost | assign_to_cost | assign_to_cost | assign_to_cost,Yes,TEXT_SUPPORTED_EXACT,TEXT_SUPPORTED_EXACT,True,Verified in NL text: exact literal match found.
11802,5.0,assign_to_cost | assign_to_x; inside_call_model.addVars | assign_to_x; inside_call_model.addVars | inside_call_range; in_range | inside_call_range; in_range | inside_call_range; in_range | inside_call_range; in_range | inside_call_range; in_range | inside_call_range; in_range | inside_call_range; in_range | inside_call_range; in_range | inside_call_range; in_range | inside_call_range; in_range,Yes,TEXT_SUPPORTED_EXACT,TEXT_SUPPORTED_EXACT,True,Verified in NL text: exact literal match found.
11802,9.0,assign_to_cost | assign_to_cost | assign_to_cost | assign_to_cost | assign_to_cost | assign_to_cost,Yes,TEXT_SUPPORTED_EXACT,TEXT_SUPPORTED_EXACT,True,Verified in NL text: exact literal match found.
11802,10.0,assign_to_cost | assign_to_cost | assign_to_cost | assign_to_cost | assign_to_cost | assign_to_cost | assign_to_cost,Yes,TEXT_SUPPORTED_EXACT,TEXT_SUPPORTED_EXACT,True,Verified in NL text: exact literal match found.
11802,8.0,assign_to_cost | assign_to_cost,Yes,TEXT_SUPPORTED_EXACT,TEXT_SUPPORTED_EXACT,True,Verified in NL text: exact literal match found.
11802,7.0,assign_to_cost | assign_to_cost | assign_to_cost | assign_to_cost | assign_to_cost,Yes,TEXT_SUPPORTED_EXACT,TEXT_SUPPORTED_EXACT,True,Verified in NL text: exact literal match found.
11802,52.0,assign_to_shipping_limits | assign_to_shipping_limits,Yes,TEXT_SUPPORTED_EXACT,TEXT_SUPPORTED_EXACT,True,Verified in NL text: exact literal match found.
11802,51.0,assign_to_shipping_limits | assign_to_shipping_limits | assign_to_shipping_limits | assign_to_shipping_limits,Yes,TEXT_SUPPORTED_EXACT,TEXT_SUPPORTED_EXACT,True,Verified in NL text: exact literal match found.
11802,50.0,assign_to_shipping_limits | assign_to_shipping_limits | assign_to_shipping_limits,Yes,TEXT_SUPPORTED_EXACT,TEXT_SUPPORTED_EXACT,True,Verified in NL text: exact literal match found.
11802,48.0,assign_to_shipping_limits,Yes,TEXT_SUPPORTED_EXACT,TEXT_SUPPORTED_EXACT,True,Verified in NL text: exact literal match found.
11802,53.0,assign_to_shipping_limits | assign_to_shipping_limits | assign_to_shipping_limits | assign_to_shipping_limits | assign_to_shipping_limits,Yes,TEXT_SUPPORTED_EXACT,TEXT_SUPPORTED_EXACT,True,Verified in NL text: exact literal match found.
11802,55.0,assign_to_shipping_limits | assign_to_shipping_limits | assign_to_shipping_limits | assign_to_shipping_limits,Yes,TEXT_SUPPORTED_EXACT,TEXT_SUPPORTED_EXACT,True,Verified in NL text: exact literal match found.
11802,54.0,assign_to_shipping_limits,Yes,TEXT_SUPPORTED_EXACT,TEXT_SUPPORTED_EXACT,True,Verified in NL text: exact literal match found.
11802,47.0,assign_to_shipping_limits | assign_to_shipping_limits | assign_to_shipping_limits,Yes,TEXT_SUPPORTED_EXACT,TEXT_SUPPORTED_EXACT,True,Verified in NL text: exact literal match found.
11802,46.0,assign_to_shipping_limits | assign_to_shipping_limits,Yes,TEXT_SUPPORTED_EXACT,TEXT_SUPPORTED_EXACT,True,Verified in NL text: exact literal match found.
46554,7.0,assign_to_participants; inside_call_range; in_range | assign_to_cars; inside_call_range; in_range,Yes,TEXT_SUPPORTED_NORMALIZED,TEXT_SUPPORTED_NORMALIZED,True,"Verified in NL text: value matches in normalized format (written word, percentage, or currency)."
46554,0.5,is_x_compare,No,SOLVER_OR_API_CONSTANT,SOLVER_OR_API_CONSTANT,True,"Implementation detail: Gurobi solver parameter, status constant, or comparison threshold (e.g. status == 2 or x > 0.5)."
166640,10.0,assign_to_num_crates | assign_to_num_trucks,Yes,TEXT_SUPPORTED_EXACT,TEXT_SUPPORTED_EXACT,True,Verified in NL text: exact literal match found.
166640,28.0,assign_to_crate_weight,Yes,TEXT_SUPPORTED_EXACT,TEXT_SUPPORTED_EXACT,True,Verified in NL text: exact literal match found.
166640,100.0,assign_to_truck_capacity,Yes,TEXT_SUPPORTED_EXACT,TEXT_SUPPORTED_EXACT,True,Verified in NL text: exact literal match found.
166640,0.5,is_x_compare | is_x_compare,No,SOLVER_OR_API_CONSTANT,SOLVER_OR_API_CONSTANT,True,"Implementation detail: Gurobi solver parameter, status constant, or comparison threshold (e.g. status == 2 or x > 0.5)."
178873,2.0,assign_to_factories | assign_to_months | assign_to_fixed_costs | assign_to_variable_costs | assign_to_min_production | assign_to_max_production | assign_to_demand,Yes,TEXT_SUPPORTED_EXACT,TEXT_SUPPORTED_EXACT,True,Verified in NL text: exact literal match found.
178873,3.0,assign_to_factories | assign_to_months | assign_to_fixed_costs | assign_to_variable_costs | assign_to_min_production | assign_to_max_production | assign_to_demand,Yes,TEXT_SUPPORTED_EXACT,TEXT_SUPPORTED_EXACT,True,Verified in NL text: exact literal match found.
178873,4.0,assign_to_factories | assign_to_months | assign_to_fixed_costs | assign_to_variable_costs | assign_to_min_production | assign_to_max_production | assign_to_demand,Yes,TEXT_SUPPORTED_EXACT,TEXT_SUPPORTED_EXACT,True,Verified in NL text: exact literal match found.
178873,5.0,assign_to_factories | assign_to_months | assign_to_fixed_costs | assign_to_variable_costs | assign_to_min_production | assign_to_max_production | assign_to_demand,Yes,TEXT_SUPPORTED_EXACT,TEXT_SUPPORTED_EXACT,True,Verified in NL text: exact literal match found.
178873,608.0,assign_to_fixed_costs,Yes,TEXT_SUPPORTED_EXACT,TEXT_SUPPORTED_EXACT,True,Verified in NL text: exact literal match found.
178873,636.0,assign_to_fixed_costs,Yes,TEXT_SUPPORTED_EXACT,TEXT_SUPPORTED_EXACT,True,Verified in NL text: exact literal match found.
178873,638.0,assign_to_fixed_costs,Yes,TEXT_SUPPORTED_EXACT,TEXT_SUPPORTED_EXACT,True,Verified in NL text: exact literal match found.
178873,510.0,assign_to_fixed_costs,Yes,TEXT_SUPPORTED_EXACT,TEXT_SUPPORTED_EXACT,True,Verified in NL text: exact literal match found.
178873,614.0,assign_to_fixed_costs,Yes,TEXT_SUPPORTED_EXACT,TEXT_SUPPORTED_EXACT,True,Verified in NL text: exact literal match found.
178873,641.0,assign_to_fixed_costs,Yes,TEXT_SUPPORTED_EXACT,TEXT_SUPPORTED_EXACT,True,Verified in NL text: exact literal match found.
178873,6.0,assign_to_variable_costs,Yes,TEXT_SUPPORTED_EXACT,TEXT_SUPPORTED_EXACT,True,Verified in NL text: exact literal match found.
178873,11.0,assign_to_variable_costs | assign_to_variable_costs,Yes,TEXT_SUPPORTED_EXACT,TEXT_SUPPORTED_EXACT,True,Verified in NL text: exact literal match found.
178873,10.0,assign_to_variable_costs | assign_to_variable_costs,Yes,TEXT_SUPPORTED_EXACT,TEXT_SUPPORTED_EXACT,True,Verified in NL text: exact literal match found.
178873,9.0,assign_to_variable_costs,Yes,TEXT_SUPPORTED_EXACT,TEXT_SUPPORTED_EXACT,True,Verified in NL text: exact literal match found.
178873,64.0,assign_to_min_production | assign_to_min_production | assign_to_min_production,Yes,TEXT_SUPPORTED_EXACT,TEXT_SUPPORTED_EXACT,True,Verified in NL text: exact literal match found.
178873,70.0,assign_to_min_production,Yes,TEXT_SUPPORTED_EXACT,TEXT_SUPPORTED_EXACT,True,Verified in NL text: exact literal match found.
178873,66.0,assign_to_min_production,Yes,TEXT_SUPPORTED_EXACT,TEXT_SUPPORTED_EXACT,True,Verified in NL text: exact literal match found.
178873,68.0,assign_to_min_production,Yes,TEXT_SUPPORTED_EXACT,TEXT_SUPPORTED_EXACT,True,Verified in NL text: exact literal match found.
178873,164.0,assign_to_max_production,Yes,TEXT_SUPPORTED_EXACT,TEXT_SUPPORTED_EXACT,True,Verified in NL text: exact literal match found.
178873,168.0,assign_to_max_production,Yes,TEXT_SUPPORTED_EXACT,TEXT_SUPPORTED_EXACT,True,Verified in NL text: exact literal match found.
178873,143.0,assign_to_max_production,Yes,TEXT_SUPPORTED_EXACT,TEXT_SUPPORTED_EXACT,True,Verified in NL text: exact literal match found.
178873,162.0,assign_to_max_production,Yes,TEXT_SUPPORTED_EXACT,TEXT_SUPPORTED_EXACT,True,Verified in NL text: exact literal match found.
178873,142.0,assign_to_max_production,Yes,TEXT_SUPPORTED_EXACT,TEXT_SUPPORTED_EXACT,True,Verified in NL text: exact literal match found.
178873,170.0,assign_to_max_production,Yes,TEXT_SUPPORTED_EXACT,TEXT_SUPPORTED_EXACT,True,Verified in NL text: exact literal match found.
178873,251.0,assign_to_demand,Yes,TEXT_SUPPORTED_EXACT,TEXT_SUPPORTED_EXACT,True,Verified in NL text: exact literal match found.
178873,259.0,assign_to_demand,Yes,TEXT_SUPPORTED_EXACT,TEXT_SUPPORTED_EXACT,True,Verified in NL text: exact literal match found.
178873,260.0,assign_to_demand,Yes,TEXT_SUPPORTED_EXACT,TEXT_SUPPORTED_EXACT,True,Verified in NL text: exact literal match found.
178873,271.0,assign_to_demand,Yes,TEXT_SUPPORTED_EXACT,TEXT_SUPPORTED_EXACT,True,Verified in NL text: exact literal match found.
178873,285.0,assign_to_demand,Yes,TEXT_SUPPORTED_EXACT,TEXT_SUPPORTED_EXACT,True,Verified in NL text: exact literal match found.
178873,278.0,assign_to_demand,Yes,TEXT_SUPPORTED_EXACT,TEXT_SUPPORTED_EXACT,True,Verified in NL text: exact literal match found.
178873,0.5,is_x_compare,No,SOLVER_OR_API_CONSTANT,SOLVER_OR_API_CONSTANT,True,"Implementation detail: Gurobi solver parameter, status constant, or comparison threshold (e.g. status == 2 or x > 0.5)."
150867,2.0,assign_to_origins | assign_to_destinations | assign_to_supply | assign_to_supply | assign_to_demand | assign_to_demand | assign_to_cost | assign_to_cost | assign_to_cost | assign_to_cost | assign_to_cost | assign_to_cost | assign_to_cost | assign_to_cost | assign_to_cost | assign_to_cost | assign_to_cost | assign_to_cost | assign_to_cost | assign_to_cost | assign_to_cost | assign_to_cost | assign_to_cost | assign_to_cost | assign_to_cost | assign_to_cost | assign_to_cost | assign_to_cost | assign_to_cost | assign_to_cost | assign_to_transport_limits | assign_to_transport_limits | assign_to_transport_limits | assign_to_transport_limits | assign_to_transport_limits | assign_to_transport_limits | assign_to_transport_limits | assign_to_transport_limits | assign_to_transport_limits | assign_to_transport_limits | assign_to_transport_limits | assign_to_transport_limits,Yes,TEXT_SUPPORTED_EXACT,TEXT_SUPPORTED_EXACT,True,Verified in NL text: exact literal match found.
150867,3.0,assign_to_origins | assign_to_destinations | assign_to_supply | assign_to_supply | assign_to_demand | assign_to_demand | assign_to_cost | assign_to_cost | assign_to_cost | assign_to_cost | assign_to_cost | assign_to_cost | assign_to_cost | assign_to_cost | assign_to_cost | assign_to_cost | assign_to_cost | assign_to_cost | assign_to_cost | assign_to_cost | assign_to_cost | assign_to_cost | assign_to_cost | assign_to_cost | assign_to_cost | assign_to_cost | assign_to_cost | assign_to_cost | assign_to_cost | assign_to_cost | assign_to_transport_limits | assign_to_transport_limits | assign_to_transport_limits | assign_to_transport_limits | assign_to_transport_limits | assign_to_transport_limits | assign_to_transport_limits | assign_to_transport_limits | assign_to_transport_limits | assign_to_transport_limits | assign_to_transport_limits | assign_to_transport_limits,Yes,TEXT_SUPPORTED_EXACT,TEXT_SUPPORTED_EXACT,True,Verified in NL text: exact literal match found.
150867,4.0,assign_to_origins | assign_to_destinations | assign_to_supply | assign_to_supply | assign_to_demand | assign_to_demand | assign_to_cost | assign_to_cost | assign_to_cost | assign_to_cost | assign_to_cost | assign_to_cost | assign_to_cost | assign_to_cost | assign_to_cost | assign_to_cost | assign_to_cost | assign_to_cost | assign_to_cost | assign_to_cost | assign_to_cost | assign_to_cost | assign_to_cost | assign_to_cost | assign_to_cost | assign_to_cost | assign_to_cost | assign_to_cost | assign_to_cost | assign_to_cost | assign_to_transport_limits | assign_to_transport_limits | assign_to_transport_limits | assign_to_transport_limits | assign_to_transport_limits | assign_to_transport_limits | assign_to_transport_limits | assign_to_transport_limits | assign_to_transport_limits | assign_to_transport_limits | assign_to_transport_limits | assign_to_transport_limits,Yes,TEXT_SUPPORTED_EXACT,TEXT_SUPPORTED_EXACT,True,Verified in NL text: exact literal match found.
150867,5.0,assign_to_origins | assign_to_destinations | assign_to_supply | assign_to_supply | assign_to_demand | assign_to_demand | assign_to_cost | assign_to_cost | assign_to_cost | assign_to_cost | assign_to_cost | assign_to_cost | assign_to_cost | assign_to_cost | assign_to_cost | assign_to_cost | assign_to_cost | assign_to_cost | assign_to_cost | assign_to_cost | assign_to_cost | assign_to_cost | assign_to_cost | assign_to_cost | assign_to_cost | assign_to_cost | assign_to_cost | assign_to_cost | assign_to_cost | assign_to_cost | assign_to_transport_limits | assign_to_transport_limits | assign_to_transport_limits | assign_to_transport_limits | assign_to_transport_limits | assign_to_transport_limits | assign_to_transport_limits | assign_to_transport_limits | assign_to_transport_limits | assign_to_transport_limits | assign_to_transport_limits | assign_to_transport_limits,Yes,TEXT_SUPPORTED_EXACT,TEXT_SUPPORTED_EXACT,True,Verified in NL text: exact literal match found.
150867,17.0,assign_to_supply | assign_to_demand | assign_to_demand | assign_to_demand | assign_to_cost | assign_to_cost | assign_to_cost | assign_to_cost | assign_to_cost | assign_to_cost,Yes,TEXT_SUPPORTED_EXACT,TEXT_SUPPORTED_EXACT,True,Verified in NL text: exact literal match found.
150867,73.0,assign_to_supply,Yes,TEXT_SUPPORTED_EXACT,TEXT_SUPPORTED_EXACT,True,Verified in NL text: exact literal match found.
150867,47.0,assign_to_supply,Yes,TEXT_SUPPORTED_EXACT,TEXT_SUPPORTED_EXACT,True,Verified in NL text: exact literal match found.
150867,41.0,assign_to_supply,Yes,TEXT_SUPPORTED_EXACT,TEXT_SUPPORTED_EXACT,True,Verified in NL text: exact literal match found.
150867,37.0,assign_to_supply,Yes,TEXT_SUPPORTED_EXACT,TEXT_SUPPORTED_EXACT,True,Verified in NL text: exact literal match found.
150867,75.0,assign_to_supply,Yes,TEXT_SUPPORTED_EXACT,TEXT_SUPPORTED_EXACT,True,Verified in NL text: exact literal match found.
150867,63.0,assign_to_supply | assign_to_transport_limits | assign_to_transport_limits,Yes,TEXT_SUPPORTED_EXACT,TEXT_SUPPORTED_EXACT,True,Verified in NL text: exact literal match found.
150867,39.0,assign_to_demand | assign_to_demand,Yes,TEXT_SUPPORTED_EXACT,TEXT_SUPPORTED_EXACT,True,Verified in NL text: exact literal match found.
150867,43.0,assign_to_demand,Yes,TEXT_SUPPORTED_EXACT,TEXT_SUPPORTED_EXACT,True,Verified in NL text: exact literal match found.
150867,32.0,assign_to_demand,Yes,TEXT_SUPPORTED_EXACT,TEXT_SUPPORTED_EXACT,True,Verified in NL text: exact literal match found.
150867,11.0,assign_to_demand | assign_to_cost | assign_to_cost | assign_to_cost | assign_to_cost | assign_to_cost | assign_to_cost | assign_to_cost | assign_to_cost | assign_to_cost,Yes,TEXT_SUPPORTED_EXACT,TEXT_SUPPORTED_EXACT,True,Verified in NL text: exact literal match found.
150867,29.0,assign_to_demand,Yes,TEXT_SUPPORTED_EXACT,TEXT_SUPPORTED_EXACT,True,Verified in NL text: exact literal match found.
150867,36.0,assign_to_demand,Yes,TEXT_SUPPORTED_EXACT,TEXT_SUPPORTED_EXACT,True,Verified in NL text: exact literal match found.
150867,50.0,assign_to_demand | assign_to_transport_limits,Yes,TEXT_SUPPORTED_EXACT,TEXT_SUPPORTED_EXACT,True,Verified in NL text: exact literal match found.
150867,23.0,assign_to_demand,Yes,TEXT_SUPPORTED_EXACT,TEXT_SUPPORTED_EXACT,True,Verified in NL text: exact literal match found.
150867,12.0,assign_to_cost | assign_to_cost | assign_to_cost | assign_to_cost | assign_to_cost | assign_to_cost | assign_to_cost,Yes,TEXT_SUPPORTED_EXACT,TEXT_SUPPORTED_EXACT,True,Verified in NL text: exact literal match found.
150867,14.0,assign_to_cost | assign_to_cost | assign_to_cost | assign_to_cost | assign_to_cost | assign_to_cost | assign_to_cost | assign_to_cost,Yes,TEXT_SUPPORTED_EXACT,TEXT_SUPPORTED_EXACT,True,Verified in NL text: exact literal match found.
150867,13.0,assign_to_cost | assign_to_cost | assign_to_cost | assign_to_cost | assign_to_cost | assign_to_cost | assign_to_cost,Yes,TEXT_SUPPORTED_EXACT,TEXT_SUPPORTED_EXACT,True,Verified in NL text: exact literal match found.
150867,15.0,assign_to_cost | assign_to_cost | assign_to_cost | assign_to_cost | assign_to_cost | assign_to_cost | assign_to_cost,Yes,TEXT_SUPPORTED_EXACT,TEXT_SUPPORTED_EXACT,True,Verified in NL text: exact literal match found.
150867,16.0,assign_to_cost | assign_to_cost | assign_to_cost | assign_to_cost | assign_to_cost | assign_to_cost | assign_to_cost | assign_to_cost | assign_to_cost | assign_to_cost,Yes,TEXT_SUPPORTED_EXACT,TEXT_SUPPORTED_EXACT,True,Verified in NL text: exact literal match found.
150867,19.0,assign_to_cost | assign_to_cost | assign_to_cost | assign_to_cost | assign_to_cost | assign_to_cost | assign_to_cost | assign_to_cost | assign_to_cost | assign_to_cost,Yes,TEXT_SUPPORTED_EXACT,TEXT_SUPPORTED_EXACT,True,Verified in NL text: exact literal match found.
150867,18.0,assign_to_cost | assign_to_cost,Yes,TEXT_SUPPORTED_EXACT,TEXT_SUPPORTED_EXACT,True,Verified in NL text: exact literal match found.
150867,10.0,assign_to_cost | assign_to_cost | assign_to_cost,Yes,TEXT_SUPPORTED_EXACT,TEXT_SUPPORTED_EXACT,True,Verified in NL text: exact literal match found.
150867,20.0,assign_to_cost | assign_to_cost | assign_to_cost,Yes,TEXT_SUPPORTED_EXACT,TEXT_SUPPORTED_EXACT,True,Verified in NL text: exact literal match found.
150867,133.0,assign_to_transport_limits | assign_to_transport_limits,Yes,TEXT_SUPPORTED_EXACT,TEXT_SUPPORTED_EXACT,True,Verified in NL text: exact literal match found.
150867,125.0,assign_to_transport_limits,Yes,TEXT_SUPPORTED_EXACT,TEXT_SUPPORTED_EXACT,True,Verified in NL text: exact literal match found.
150867,68.0,assign_to_transport_limits | assign_to_transport_limits,Yes,TEXT_SUPPORTED_EXACT,TEXT_SUPPORTED_EXACT,True,Verified in NL text: exact literal match found.
150867,146.0,assign_to_transport_limits,Yes,TEXT_SUPPORTED_EXACT,TEXT_SUPPORTED_EXACT,True,Verified in NL text: exact literal match found.
150867,72.0,assign_to_transport_limits,Yes,TEXT_SUPPORTED_EXACT,TEXT_SUPPORTED_EXACT,True,Verified in NL text: exact literal match found.
150867,127.0,assign_to_transport_limits,Yes,TEXT_SUPPORTED_EXACT,TEXT_SUPPORTED_EXACT,True,Verified in NL text: exact literal match found.
150867,88.0,assign_to_transport_limits,Yes,TEXT_SUPPORTED_EXACT,TEXT_SUPPORTED_EXACT,True,Verified in NL text: exact literal match found.
150867,86.0,assign_to_transport_limits | assign_to_transport_limits,Yes,TEXT_SUPPORTED_EXACT,TEXT_SUPPORTED_EXACT,True,Verified in NL text: exact literal match found.
150867,105.0,assign_to_transport_limits,Yes,TEXT_SUPPORTED_EXACT,TEXT_SUPPORTED_EXACT,True,Verified in NL text: exact literal match found.
150867,79.0,assign_to_transport_limits,Yes,TEXT_SUPPORTED_EXACT,TEXT_SUPPORTED_EXACT,True,Verified in NL text: exact literal match found.
150867,131.0,assign_to_transport_limits,Yes,TEXT_SUPPORTED_EXACT,TEXT_SUPPORTED_EXACT,True,Verified in NL text: exact literal match found.
150867,57.0,assign_to_transport_limits,Yes,TEXT_SUPPORTED_EXACT,TEXT_SUPPORTED_EXACT,True,Verified in NL text: exact literal match found.
150867,51.0,assign_to_transport_limits | assign_to_transport_limits,Yes,TEXT_SUPPORTED_EXACT,TEXT_SUPPORTED_EXACT,True,Verified in NL text: exact literal match found.
150867,122.0,assign_to_transport_limits,Yes,TEXT_SUPPORTED_EXACT,TEXT_SUPPORTED_EXACT,True,Verified in NL text: exact literal match found.
150867,123.0,assign_to_transport_limits,Yes,TEXT_SUPPORTED_EXACT,TEXT_SUPPORTED_EXACT,True,Verified in NL text: exact literal match found.
150867,65.0,assign_to_transport_limits,Yes,TEXT_SUPPORTED_EXACT,TEXT_SUPPORTED_EXACT,True,Verified in NL text: exact literal match found.
150867,97.0,assign_to_transport_limits,Yes,TEXT_SUPPORTED_EXACT,TEXT_SUPPORTED_EXACT,True,Verified in NL text: exact literal match found.
150867,104.0,assign_to_transport_limits,Yes,TEXT_SUPPORTED_EXACT,TEXT_SUPPORTED_EXACT,True,Verified in NL text: exact literal match found.
150867,91.0,assign_to_transport_limits,Yes,TEXT_SUPPORTED_EXACT,TEXT_SUPPORTED_EXACT,True,Verified in NL text: exact literal match found.
150867,120.0,assign_to_transport_limits,Yes,TEXT_SUPPORTED_EXACT,TEXT_SUPPORTED_EXACT,True,Verified in NL text: exact literal match found.
150867,80.0,assign_to_transport_limits,Yes,TEXT_SUPPORTED_EXACT,TEXT_SUPPORTED_EXACT,True,Verified in NL text: exact literal match found.
150867,136.0,assign_to_transport_limits | assign_to_transport_limits,Yes,TEXT_SUPPORTED_EXACT,TEXT_SUPPORTED_EXACT,True,Verified in NL text: exact literal match found.
150867,76.0,assign_to_transport_limits,Yes,TEXT_SUPPORTED_EXACT,TEXT_SUPPORTED_EXACT,True,Verified in NL text: exact literal match found.
150867,82.0,assign_to_transport_limits,Yes,TEXT_SUPPORTED_EXACT,TEXT_SUPPORTED_EXACT,True,Verified in NL text: exact literal match found.
150867,109.0,assign_to_transport_limits,Yes,TEXT_SUPPORTED_EXACT,TEXT_SUPPORTED_EXACT,True,Verified in NL text: exact literal match found.
150867,67.0,assign_to_transport_limits,Yes,TEXT_SUPPORTED_EXACT,TEXT_SUPPORTED_EXACT,True,Verified in NL text: exact literal match found.
150867,148.0,assign_to_transport_limits,Yes,TEXT_SUPPORTED_EXACT,TEXT_SUPPORTED_EXACT,True,Verified in NL text: exact literal match found.
150867,85.0,assign_to_transport_limits,Yes,TEXT_SUPPORTED_EXACT,TEXT_SUPPORTED_EXACT,True,Verified in NL text: exact literal match found.
182232,1667.0,assign_to_revenue,Yes,TEXT_SUPPORTED_EXACT,TEXT_SUPPORTED_EXACT,True,Verified in NL text: exact literal match found.
182232,1811.0,assign_to_revenue,Yes,TEXT_SUPPORTED_EXACT,TEXT_SUPPORTED_EXACT,True,Verified in NL text: exact literal match found.
182232,1400.0,assign_to_revenue,Yes,TEXT_SUPPORTED_EXACT,TEXT_SUPPORTED_EXACT,True,Verified in NL text: exact literal match found.
182232,1055.0,assign_to_revenue,Yes,TEXT_SUPPORTED_EXACT,TEXT_SUPPORTED_EXACT,True,Verified in NL text: exact literal match found.
182232,1059.0,assign_to_revenue,Yes,TEXT_SUPPORTED_EXACT,TEXT_SUPPORTED_EXACT,True,Verified in NL text: exact literal match found.
182232,1146.0,assign_to_revenue,Yes,TEXT_SUPPORTED_EXACT,TEXT_SUPPORTED_EXACT,True,Verified in NL text: exact literal match found.
182232,1176.0,assign_to_revenue,Yes,TEXT_SUPPORTED_EXACT,TEXT_SUPPORTED_EXACT,True,Verified in NL text: exact literal match found.
182232,1493.0,assign_to_revenue,Yes,TEXT_SUPPORTED_EXACT,TEXT_SUPPORTED_EXACT,True,Verified in NL text: exact literal match found.
182232,1945.0,assign_to_revenue,Yes,TEXT_SUPPORTED_EXACT,TEXT_SUPPORTED_EXACT,True,Verified in NL text: exact literal match found.
182232,1386.0,assign_to_revenue,Yes,TEXT_SUPPORTED_EXACT,TEXT_SUPPORTED_EXACT,True,Verified in NL text: exact literal match found.
182232,1630.0,assign_to_revenue,Yes,TEXT_SUPPORTED_EXACT,TEXT_SUPPORTED_EXACT,True,Verified in NL text: exact literal match found.
182232,1145.0,assign_to_revenue,Yes,TEXT_SUPPORTED_EXACT,TEXT_SUPPORTED_EXACT,True,Verified in NL text: exact literal match found.
182232,1273.0,assign_to_revenue,Yes,TEXT_SUPPORTED_EXACT,TEXT_SUPPORTED_EXACT,True,Verified in NL text: exact literal match found.
182232,1154.0,assign_to_revenue,Yes,TEXT_SUPPORTED_EXACT,TEXT_SUPPORTED_EXACT,True,Verified in NL text: exact literal match found.
182232,1295.0,assign_to_revenue,Yes,TEXT_SUPPORTED_EXACT,TEXT_SUPPORTED_EXACT,True,Verified in NL text: exact literal match found.
182232,1200.0,assign_to_revenue,Yes,TEXT_SUPPORTED_EXACT,TEXT_SUPPORTED_EXACT,True,Verified in NL text: exact literal match found.
182232,1539.0,assign_to_revenue,Yes,TEXT_SUPPORTED_EXACT,TEXT_SUPPORTED_EXACT,True,Verified in NL text: exact literal match found.
182232,1317.0,assign_to_revenue,Yes,TEXT_SUPPORTED_EXACT,TEXT_SUPPORTED_EXACT,True,Verified in NL text: exact literal match found.
182232,1822.0,assign_to_revenue,Yes,TEXT_SUPPORTED_EXACT,TEXT_SUPPORTED_EXACT,True,Verified in NL text: exact literal match found.
182232,45.0,assign_to_demand,Yes,TEXT_SUPPORTED_EXACT,TEXT_SUPPORTED_EXACT,True,Verified in NL text: exact literal match found.
182232,53.0,assign_to_demand | assign_to_demand,Yes,TEXT_SUPPORTED_EXACT,TEXT_SUPPORTED_EXACT,True,Verified in NL text: exact literal match found.
182232,46.0,assign_to_demand,Yes,TEXT_SUPPORTED_EXACT,TEXT_SUPPORTED_EXACT,True,Verified in NL text: exact literal match found.
182232,55.0,assign_to_demand | assign_to_demand,Yes,TEXT_SUPPORTED_EXACT,TEXT_SUPPORTED_EXACT,True,Verified in NL text: exact literal match found.
182232,44.0,assign_to_demand,Yes,TEXT_SUPPORTED_EXACT,TEXT_SUPPORTED_EXACT,True,Verified in NL text: exact literal match found.
182232,40.0,assign_to_demand | assign_to_demand,Yes,TEXT_SUPPORTED_EXACT,TEXT_SUPPORTED_EXACT,True,Verified in NL text: exact literal match found.
182232,41.0,assign_to_demand,Yes,TEXT_SUPPORTED_EXACT,TEXT_SUPPORTED_EXACT,True,Verified in NL text: exact literal match found.
182232,52.0,assign_to_demand | assign_to_demand,Yes,TEXT_SUPPORTED_EXACT,TEXT_SUPPORTED_EXACT,True,Verified in NL text: exact literal match found.
182232,59.0,assign_to_demand | assign_to_demand,Yes,TEXT_SUPPORTED_EXACT,TEXT_SUPPORTED_EXACT,True,Verified in NL text: exact literal match found.
182232,56.0,assign_to_demand,Yes,TEXT_SUPPORTED_EXACT,TEXT_SUPPORTED_EXACT,True,Verified in NL text: exact literal match found.
182232,42.0,assign_to_demand | assign_to_demand,Yes,TEXT_SUPPORTED_EXACT,TEXT_SUPPORTED_EXACT,True,Verified in NL text: exact literal match found.
182232,51.0,assign_to_demand,Yes,TEXT_SUPPORTED_EXACT,TEXT_SUPPORTED_EXACT,True,Verified in NL text: exact literal match found.
182232,43.0,assign_to_demand,Yes,TEXT_SUPPORTED_EXACT,TEXT_SUPPORTED_EXACT,True,Verified in NL text: exact literal match found.
182232,2.0,assign_to_flight_legs | assign_to_flight_legs | assign_to_flight_legs | assign_to_flight_legs | assign_to_flight_legs | assign_to_flight_legs | assign_to_flight_legs | assign_to_flight_legs | assign_to_flight_legs | assign_to_flight_legs | assign_to_flight_legs,Yes,TEXT_SUPPORTED_EXACT,TEXT_SUPPORTED_EXACT,True,Verified in NL text: exact literal match found.
182232,3.0,assign_to_flight_legs | assign_to_flight_legs | assign_to_flight_legs | assign_to_flight_legs | assign_to_flight_legs | assign_to_flight_legs,Yes,TEXT_SUPPORTED_EXACT,TEXT_SUPPORTED_EXACT,True,Verified in NL text: exact literal match found.
182232,4.0,assign_to_flight_legs | assign_to_flight_legs | assign_to_flight_legs | assign_to_flight_legs | assign_to_flight_legs | assign_to_flight_legs | assign_to_flight_legs | assign_to_flight_legs | assign_to_flight_legs | assign_to_flight_legs,Yes,TEXT_SUPPORTED_EXACT,TEXT_SUPPORTED_EXACT,True,Verified in NL text: exact literal match found.
182232,5.0,assign_to_flight_legs | assign_to_flight_legs | assign_to_flight_legs | assign_to_flight_legs | assign_to_flight_legs | assign_to_flight_legs | assign_to_flight_legs | assign_to_flight_legs,Yes,TEXT_SUPPORTED_EXACT,TEXT_SUPPORTED_EXACT,True,Verified in NL text: exact literal match found.
182232,6.0,assign_to_flight_legs | assign_to_flight_legs | assign_to_flight_legs | assign_to_flight_legs | assign_to_flight_legs | assign_to_flight_legs | assign_to_flight_legs | assign_to_flight_legs | assign_to_flight_legs | assign_to_flight_legs | assign_to_flight_legs | assign_to_flight_legs | assign_to_flight_legs,Yes,TEXT_SUPPORTED_EXACT,TEXT_SUPPORTED_EXACT,True,Verified in NL text: exact literal match found.
182232,7.0,assign_to_flight_legs | assign_to_flight_legs | assign_to_flight_legs | assign_to_flight_legs | assign_to_flight_legs | assign_to_flight_legs | assign_to_flight_legs | assign_to_flight_legs | assign_to_flight_legs | assign_to_flight_legs | assign_to_flight_legs,Yes,TEXT_SUPPORTED_EXACT,TEXT_SUPPORTED_EXACT,True,Verified in NL text: exact literal match found.
182232,8.0,assign_to_flight_legs | assign_to_flight_legs | assign_to_flight_legs | assign_to_flight_legs | assign_to_flight_legs | assign_to_flight_legs | assign_to_flight_legs,Yes,TEXT_SUPPORTED_EXACT,TEXT_SUPPORTED_EXACT,True,Verified in NL text: exact literal match found.
182232,9.0,assign_to_flight_legs | assign_to_flight_legs | assign_to_flight_legs | assign_to_flight_legs | assign_to_flight_legs | assign_to_flight_legs | assign_to_flight_legs | assign_to_flight_legs | assign_to_flight_legs | assign_to_flight_legs,Yes,TEXT_SUPPORTED_EXACT,TEXT_SUPPORTED_EXACT,True,Verified in NL text: exact literal match found.
182232,10.0,assign_to_flight_legs | assign_to_flight_legs | assign_to_flight_legs | assign_to_flight_legs | assign_to_flight_legs | assign_to_flight_legs | assign_to_flight_legs | assign_to_flight_legs | assign_to_flight_legs,Yes,TEXT_SUPPORTED_EXACT,TEXT_SUPPORTED_EXACT,True,Verified in NL text: exact literal match found.
182232,11.0,assign_to_flight_legs | assign_to_flight_legs | assign_to_flight_legs | assign_to_flight_legs | assign_to_flight_legs | assign_to_flight_legs | assign_to_flight_legs | assign_to_flight_legs | assign_to_flight_legs,Yes,TEXT_SUPPORTED_EXACT,TEXT_SUPPORTED_EXACT,True,Verified in NL text: exact literal match found.
182232,12.0,assign_to_flight_legs | assign_to_flight_legs | assign_to_flight_legs | assign_to_flight_legs | assign_to_flight_legs | assign_to_flight_legs | assign_to_flight_legs | assign_to_flight_legs | assign_to_flight_legs | assign_to_flight_legs,Yes,TEXT_SUPPORTED_EXACT,TEXT_SUPPORTED_EXACT,True,Verified in NL text: exact literal match found.
182232,13.0,assign_to_flight_legs | assign_to_flight_legs | assign_to_flight_legs | assign_to_flight_legs | assign_to_flight_legs | assign_to_flight_legs | assign_to_flight_legs | assign_to_flight_legs | assign_to_flight_legs | assign_to_flight_legs,Yes,TEXT_SUPPORTED_EXACT,TEXT_SUPPORTED_EXACT,True,Verified in NL text: exact literal match found.
182232,14.0,assign_to_flight_legs | assign_to_flight_legs | assign_to_flight_legs | assign_to_flight_legs | assign_to_flight_legs | assign_to_flight_legs | assign_to_flight_legs | assign_to_flight_legs | assign_to_flight_legs | assign_to_flight_legs | assign_to_flight_legs,Yes,TEXT_SUPPORTED_EXACT,TEXT_SUPPORTED_EXACT,True,Verified in NL text: exact literal match found.
182232,15.0,assign_to_flight_legs | assign_to_flight_legs | assign_to_flight_legs | assign_to_flight_legs | assign_to_flight_legs | assign_to_flight_legs | assign_to_flight_legs | assign_to_flight_legs | assign_to_flight_legs,Yes,TEXT_SUPPORTED_EXACT,TEXT_SUPPORTED_EXACT,True,Verified in NL text: exact literal match found.
182232,16.0,assign_to_flight_legs | assign_to_flight_legs | assign_to_flight_legs | assign_to_flight_legs | assign_to_flight_legs | assign_to_flight_legs | assign_to_flight_legs | assign_to_flight_legs | assign_to_flight_legs,Yes,TEXT_SUPPORTED_EXACT,TEXT_SUPPORTED_EXACT,True,Verified in NL text: exact literal match found.
182232,17.0,assign_to_flight_legs | assign_to_flight_legs | assign_to_flight_legs | assign_to_flight_legs | assign_to_flight_legs | assign_to_flight_legs | assign_to_flight_legs | assign_to_flight_legs | assign_to_flight_legs | assign_to_flight_legs | assign_to_flight_legs | assign_to_flight_legs | assign_to_flight_legs | assign_to_flight_legs,Yes,TEXT_SUPPORTED_EXACT,TEXT_SUPPORTED_EXACT,True,Verified in NL text: exact literal match found.
182232,995.0,assign_to_flight_legs | assign_to_flight_legs,Yes,TEXT_SUPPORTED_EXACT,TEXT_SUPPORTED_EXACT,True,Verified in NL text: exact literal match found.
182232,18.0,assign_to_flight_legs | assign_to_flight_legs | assign_to_flight_legs | assign_to_flight_legs | assign_to_flight_legs | assign_to_flight_legs | assign_to_flight_legs | assign_to_flight_legs | assign_to_flight_legs,Yes,TEXT_SUPPORTED_EXACT,TEXT_SUPPORTED_EXACT,True,Verified in NL text: exact literal match found.
182232,822.0,assign_to_flight_legs,Yes,TEXT_SUPPORTED_EXACT,TEXT_SUPPORTED_EXACT,True,Verified in NL text: exact literal match found.
182232,606.0,assign_to_flight_legs | assign_to_flight_legs,Yes,TEXT_SUPPORTED_EXACT,TEXT_SUPPORTED_EXACT,True,Verified in NL text: exact literal match found.
182232,658.0,assign_to_flight_legs,Yes,TEXT_SUPPORTED_EXACT,TEXT_SUPPORTED_EXACT,True,Verified in NL text: exact literal match found.
182232,878.0,assign_to_flight_legs,Yes,TEXT_SUPPORTED_EXACT,TEXT_SUPPORTED_EXACT,True,Verified in NL text: exact literal match found.
182232,960.0,assign_to_flight_legs,Yes,TEXT_SUPPORTED_EXACT,TEXT_SUPPORTED_EXACT,True,Verified in NL text: exact literal match found.
182232,680.0,assign_to_flight_legs,Yes,TEXT_SUPPORTED_EXACT,TEXT_SUPPORTED_EXACT,True,Verified in NL text: exact literal match found.
182232,741.0,assign_to_flight_legs,Yes,TEXT_SUPPORTED_EXACT,TEXT_SUPPORTED_EXACT,True,Verified in NL text: exact literal match found.
182232,805.0,assign_to_flight_legs,Yes,TEXT_SUPPORTED_EXACT,TEXT_SUPPORTED_EXACT,True,Verified in NL text: exact literal match found.
182232,1000.0,assign_to_flight_legs,Yes,TEXT_SUPPORTED_EXACT,TEXT_SUPPORTED_EXACT,True,Verified in NL text: exact literal match found.
182232,642.0,assign_to_flight_legs,Yes,TEXT_SUPPORTED_EXACT,TEXT_SUPPORTED_EXACT,True,Verified in NL text: exact literal match found.
182232,968.0,assign_to_flight_legs,Yes,TEXT_SUPPORTED_EXACT,TEXT_SUPPORTED_EXACT,True,Verified in NL text: exact literal match found.
182232,918.0,assign_to_flight_legs,Yes,TEXT_SUPPORTED_EXACT,TEXT_SUPPORTED_EXACT,True,Verified in NL text: exact literal match found.
182232,839.0,assign_to_flight_legs,Yes,TEXT_SUPPORTED_EXACT,TEXT_SUPPORTED_EXACT,True,Verified in NL text: exact literal match found.
182232,753.0,assign_to_flight_legs,Yes,TEXT_SUPPORTED_EXACT,TEXT_SUPPORTED_EXACT,True,Verified in NL text: exact literal match found.
182232,747.0,assign_to_flight_legs,Yes,TEXT_SUPPORTED_EXACT,TEXT_SUPPORTED_EXACT,True,Verified in NL text: exact literal match found.
16674,26.0,assign_to_supply | assign_to_demand,Yes,TEXT_SUPPORTED_EXACT,TEXT_SUPPORTED_EXACT,True,Verified in NL text: exact literal match found.
16674,77.0,assign_to_supply,Yes,TEXT_SUPPORTED_EXACT,TEXT_SUPPORTED_EXACT,True,Verified in NL text: exact literal match found.
16674,59.0,assign_to_supply,Yes,TEXT_SUPPORTED_EXACT,TEXT_SUPPORTED_EXACT,True,Verified in NL text: exact literal match found.
16674,38.0,assign_to_supply,Yes,TEXT_SUPPORTED_EXACT,TEXT_SUPPORTED_EXACT,True,Verified in NL text: exact literal match found.
16674,33.0,assign_to_demand | assign_to_demand,Yes,TEXT_SUPPORTED_EXACT,TEXT_SUPPORTED_EXACT,True,Verified in NL text: exact literal match found.
16674,43.0,assign_to_demand,Yes,TEXT_SUPPORTED_EXACT,TEXT_SUPPORTED_EXACT,True,Verified in NL text: exact literal match found.
16674,24.0,assign_to_demand,Yes,TEXT_SUPPORTED_EXACT,TEXT_SUPPORTED_EXACT,True,Verified in NL text: exact literal match found.
16674,41.0,assign_to_demand,Yes,TEXT_SUPPORTED_EXACT,TEXT_SUPPORTED_EXACT,True,Verified in NL text: exact literal match found.
16674,15.0,assign_to_cost | assign_to_cost | assign_to_cost | assign_to_cost,Yes,TEXT_SUPPORTED_EXACT,TEXT_SUPPORTED_EXACT,True,Verified in NL text: exact literal match found.
16674,12.0,assign_to_cost | assign_to_cost | assign_to_cost | assign_to_cost | assign_to_cost,Yes,TEXT_SUPPORTED_EXACT,TEXT_SUPPORTED_EXACT,True,Verified in NL text: exact literal match found.
16674,17.0,assign_to_cost | assign_to_cost | assign_to_cost | assign_to_cost | assign_to_cost | assign_to_cost,Yes,TEXT_SUPPORTED_EXACT,TEXT_SUPPORTED_EXACT,True,Verified in NL text: exact literal match found.
16674,14.0,assign_to_cost | assign_to_cost | assign_to_cost,Yes,TEXT_SUPPORTED_EXACT,TEXT_SUPPORTED_EXACT,True,Verified in NL text: exact literal match found.
16674,18.0,assign_to_cost | assign_to_cost | assign_to_cost,Yes,TEXT_SUPPORTED_EXACT,TEXT_SUPPORTED_EXACT,True,Verified in NL text: exact literal match found.
16674,11.0,assign_to_cost | assign_to_cost | assign_to_cost,Yes,TEXT_SUPPORTED_EXACT,TEXT_SUPPORTED_EXACT,True,Verified in NL text: exact literal match found.
16674,10.0,assign_to_cost | assign_to_cost,Yes,TEXT_SUPPORTED_EXACT,TEXT_SUPPORTED_EXACT,True,Verified in NL text: exact literal match found.
16674,19.0,assign_to_cost | assign_to_cost | assign_to_cost | assign_to_cost | assign_to_cost,Yes,TEXT_SUPPORTED_EXACT,TEXT_SUPPORTED_EXACT,True,Verified in NL text: exact literal match found.
16674,16.0,assign_to_cost,Yes,TEXT_SUPPORTED_EXACT,TEXT_SUPPORTED_EXACT,True,Verified in NL text: exact literal match found.
16674,13.0,assign_to_cost | assign_to_cost | assign_to_cost,Yes,TEXT_SUPPORTED_EXACT,TEXT_SUPPORTED_EXACT,True,Verified in NL text: exact literal match found.
16674,20.0,assign_to_cost,Yes,TEXT_SUPPORTED_EXACT,TEXT_SUPPORTED_EXACT,True,Verified in NL text: exact literal match found.
16674,117.0,assign_to_transport_limits,Yes,TEXT_SUPPORTED_EXACT,TEXT_SUPPORTED_EXACT,True,Verified in NL text: exact literal match found.
16674,69.0,assign_to_transport_limits,Yes,TEXT_SUPPORTED_EXACT,TEXT_SUPPORTED_EXACT,True,Verified in NL text: exact literal match found.
16674,142.0,assign_to_transport_limits | assign_to_transport_limits,Yes,TEXT_SUPPORTED_EXACT,TEXT_SUPPORTED_EXACT,True,Verified in NL text: exact literal match found.
16674,115.0,assign_to_transport_limits,Yes,TEXT_SUPPORTED_EXACT,TEXT_SUPPORTED_EXACT,True,Verified in NL text: exact literal match found.
16674,55.0,assign_to_transport_limits,Yes,TEXT_SUPPORTED_EXACT,TEXT_SUPPORTED_EXACT,True,Verified in NL text: exact literal match found.
16674,66.0,assign_to_transport_limits,Yes,TEXT_SUPPORTED_EXACT,TEXT_SUPPORTED_EXACT,True,Verified in NL text: exact literal match found.
16674,87.0,assign_to_transport_limits,Yes,TEXT_SUPPORTED_EXACT,TEXT_SUPPORTED_EXACT,True,Verified in NL text: exact literal match found.
16674,111.0,assign_to_transport_limits | assign_to_transport_limits,Yes,TEXT_SUPPORTED_EXACT,TEXT_SUPPORTED_EXACT,True,Verified in NL text: exact literal match found.
16674,93.0,assign_to_transport_limits,Yes,TEXT_SUPPORTED_EXACT,TEXT_SUPPORTED_EXACT,True,Verified in NL text: exact literal match found.
16674,75.0,assign_to_transport_limits,Yes,TEXT_SUPPORTED_EXACT,TEXT_SUPPORTED_EXACT,True,Verified in NL text: exact literal match found.
16674,106.0,assign_to_transport_limits,Yes,TEXT_SUPPORTED_EXACT,TEXT_SUPPORTED_EXACT,True,Verified in NL text: exact literal match found.
16674,94.0,assign_to_transport_limits,Yes,TEXT_SUPPORTED_EXACT,TEXT_SUPPORTED_EXACT,True,Verified in NL text: exact literal match found.
16674,141.0,assign_to_transport_limits,Yes,TEXT_SUPPORTED_EXACT,TEXT_SUPPORTED_EXACT,True,Verified in NL text: exact literal match found.
16674,139.0,assign_to_transport_limits,Yes,TEXT_SUPPORTED_EXACT,TEXT_SUPPORTED_EXACT,True,Verified in NL text: exact literal match found.
16674,67.0,assign_to_transport_limits | assign_to_transport_limits,Yes,TEXT_SUPPORTED_EXACT,TEXT_SUPPORTED_EXACT,True,Verified in NL text: exact literal match found.
16674,113.0,assign_to_transport_limits,Yes,TEXT_SUPPORTED_EXACT,TEXT_SUPPORTED_EXACT,True,Verified in NL text: exact literal match found.
16674,81.0,assign_to_transport_limits | assign_to_transport_limits,Yes,TEXT_SUPPORTED_EXACT,TEXT_SUPPORTED_EXACT,True,Verified in NL text: exact literal match found.
16674,63.0,assign_to_transport_limits,Yes,TEXT_SUPPORTED_EXACT,TEXT_SUPPORTED_EXACT,True,Verified in NL text: exact literal match found.
16674,143.0,assign_to_transport_limits,Yes,TEXT_SUPPORTED_EXACT,TEXT_SUPPORTED_EXACT,True,Verified in NL text: exact literal match found.
16674,136.0,assign_to_transport_limits,Yes,TEXT_SUPPORTED_EXACT,TEXT_SUPPORTED_EXACT,True,Verified in NL text: exact literal match found.
16674,65.0,assign_to_transport_limits | assign_to_transport_limits,Yes,TEXT_SUPPORTED_EXACT,TEXT_SUPPORTED_EXACT,True,Verified in NL text: exact literal match found.
16674,68.0,assign_to_transport_limits,Yes,TEXT_SUPPORTED_EXACT,TEXT_SUPPORTED_EXACT,True,Verified in NL text: exact literal match found.
16674,97.0,assign_to_transport_limits,Yes,TEXT_SUPPORTED_EXACT,TEXT_SUPPORTED_EXACT,True,Verified in NL text: exact literal match found.
16674,140.0,assign_to_transport_limits,Yes,TEXT_SUPPORTED_EXACT,TEXT_SUPPORTED_EXACT,True,Verified in NL text: exact literal match found.
16674,135.0,assign_to_transport_limits,Yes,TEXT_SUPPORTED_EXACT,TEXT_SUPPORTED_EXACT,True,Verified in NL text: exact literal match found.
16674,123.0,assign_to_transport_limits,Yes,TEXT_SUPPORTED_EXACT,TEXT_SUPPORTED_EXACT,True,Verified in NL text: exact literal match found.
16674,52.0,assign_to_transport_limits,Yes,TEXT_SUPPORTED_EXACT,TEXT_SUPPORTED_EXACT,True,Verified in NL text: exact literal match found.
16674,131.0,assign_to_transport_limits,Yes,TEXT_SUPPORTED_EXACT,TEXT_SUPPORTED_EXACT,True,Verified in NL text: exact literal match found.
16674,133.0,assign_to_transport_limits,Yes,TEXT_SUPPORTED_EXACT,TEXT_SUPPORTED_EXACT,True,Verified in NL text: exact literal match found.
16674,150.0,assign_to_transport_limits,Yes,TEXT_SUPPORTED_EXACT,TEXT_SUPPORTED_EXACT,True,Verified in NL text: exact literal match found.
16674,82.0,assign_to_transport_limits,Yes,TEXT_SUPPORTED_EXACT,TEXT_SUPPORTED_EXACT,True,Verified in NL text: exact literal match found.
16674,6.0,assign_to_x; inside_call_model.addVars | assign_to_x; inside_call_model.addVars | inside_call_range; in_range | inside_call_range; in_range | inside_call_range; in_range | inside_call_range; in_range | inside_call_range; in_range | inside_call_range; in_range | inside_call_range; in_range | inside_call_range; in_range | inside_call_range; in_range | inside_call_range; in_range,Yes,TEXT_SUPPORTED_NORMALIZED,TEXT_SUPPORTED_NORMALIZED,True,"Verified in NL text: value matches in normalized format (written word, percentage, or currency)."
