query_id,variant,baseline,predicted_doc_id,gold_doc_id,schema_hit,n_expected_scalar,n_filled,param_coverage,type_match,exact5,exact20,key_overlap
nlp4lp_test_0,orig,tfidf_optimization_role_repair,nlp4lp_test_0,nlp4lp_test_0,1,5,4,0.8,1.0,0.5,0.5,1.0
nlp4lp_test_1,orig,tfidf_optimization_role_repair,nlp4lp_test_1,nlp4lp_test_1,1,2,2,1.0,1.0,0.5,0.5,1.0
nlp4lp_test_2,orig,tfidf_optimization_role_repair,nlp4lp_test_2,nlp4lp_test_2,1,8,6,0.75,1.0,0.3333333333333333,0.6666666666666666,1.0
nlp4lp_test_3,orig,tfidf_optimization_role_repair,nlp4lp_test_3,nlp4lp_test_3,1,7,7,1.0,0.7142857142857143,0.2857142857142857,0.2857142857142857,1.0
nlp4lp_test_4,orig,tfidf_optimization_role_repair,nlp4lp_test_41,nlp4lp_test_4,0,0,0,0.0,0.0,,,0.0
nlp4lp_test_5,orig,tfidf_optimization_role_repair,nlp4lp_test_5,nlp4lp_test_5,1,10,7,0.7,0.7142857142857143,0.14285714285714285,0.14285714285714285,1.0
nlp4lp_test_6,orig,tfidf_optimization_role_repair,nlp4lp_test_6,nlp4lp_test_6,1,8,8,1.0,0.5,0.125,0.25,1.0
nlp4lp_test_7,orig,tfidf_optimization_role_repair,nlp4lp_test_7,nlp4lp_test_7,1,8,8,1.0,0.75,0.125,0.25,1.0
nlp4lp_test_8,orig,tfidf_optimization_role_repair,nlp4lp_test_8,nlp4lp_test_8,1,3,3,1.0,0.6666666666666666,0.3333333333333333,0.3333333333333333,1.0
nlp4lp_test_9,orig,tfidf_optimization_role_repair,nlp4lp_test_9,nlp4lp_test_9,1,2,2,1.0,0.5,0.0,0.0,1.0
nlp4lp_test_10,orig,tfidf_optimization_role_repair,nlp4lp_test_10,nlp4lp_test_10,1,8,6,0.75,1.0,0.5,0.5,1.0
nlp4lp_test_11,orig,tfidf_optimization_role_repair,nlp4lp_test_11,nlp4lp_test_11,1,8,6,0.75,1.0,0.5,0.6666666666666666,1.0
nlp4lp_test_12,orig,tfidf_optimization_role_repair,nlp4lp_test_260,nlp4lp_test_12,0,0,0,0.0,0.0,,,0.0
nlp4lp_test_13,orig,tfidf_optimization_role_repair,nlp4lp_test_13,nlp4lp_test_13,1,13,12,0.9230769230769231,0.9166666666666666,0.3333333333333333,0.3333333333333333,1.0
nlp4lp_test_14,orig,tfidf_optimization_role_repair,nlp4lp_test_14,nlp4lp_test_14,1,5,1,0.2,1.0,0.0,0.0,1.0
nlp4lp_test_15,orig,tfidf_optimization_role_repair,nlp4lp_test_15,nlp4lp_test_15,1,8,7,0.875,1.0,0.2857142857142857,0.5714285714285714,1.0
nlp4lp_test_16,orig,tfidf_optimization_role_repair,nlp4lp_test_16,nlp4lp_test_16,1,8,8,1.0,0.75,0.125,0.125,1.0
nlp4lp_test_17,orig,tfidf_optimization_role_repair,nlp4lp_test_17,nlp4lp_test_17,1,9,6,0.6666666666666666,0.6666666666666666,0.5,0.5,1.0
nlp4lp_test_18,orig,tfidf_optimization_role_repair,nlp4lp_test_18,nlp4lp_test_18,1,2,2,1.0,0.5,0.0,0.0,1.0
nlp4lp_test_19,orig,tfidf_optimization_role_repair,nlp4lp_test_19,nlp4lp_test_19,1,4,4,1.0,0.5,0.0,0.0,1.0
nlp4lp_test_20,orig,tfidf_optimization_role_repair,nlp4lp_test_20,nlp4lp_test_20,1,6,4,0.6666666666666666,1.0,0.25,0.25,1.0
nlp4lp_test_21,orig,tfidf_optimization_role_repair,nlp4lp_test_21,nlp4lp_test_21,1,5,5,1.0,0.6,0.6,0.6,1.0
nlp4lp_test_22,orig,tfidf_optimization_role_repair,nlp4lp_test_22,nlp4lp_test_22,1,3,3,1.0,0.6666666666666666,0.0,0.0,1.0
nlp4lp_test_23,orig,tfidf_optimization_role_repair,nlp4lp_test_23,nlp4lp_test_23,1,3,3,1.0,0.6666666666666666,0.0,0.0,1.0
nlp4lp_test_24,orig,tfidf_optimization_role_repair,nlp4lp_test_122,nlp4lp_test_24,0,0,0,0.0,0.0,,,0.0
nlp4lp_test_25,orig,tfidf_optimization_role_repair,nlp4lp_test_25,nlp4lp_test_25,1,2,2,1.0,1.0,0.0,0.0,1.0
nlp4lp_test_26,orig,tfidf_optimization_role_repair,nlp4lp_test_26,nlp4lp_test_26,1,8,5,0.625,1.0,0.4,0.4,1.0
nlp4lp_test_27,orig,tfidf_optimization_role_repair,nlp4lp_test_27,nlp4lp_test_27,1,2,2,1.0,1.0,0.0,0.0,1.0
nlp4lp_test_28,orig,tfidf_optimization_role_repair,nlp4lp_test_28,nlp4lp_test_28,1,12,11,0.9166666666666666,0.9090909090909091,0.2727272727272727,0.36363636363636365,1.0
nlp4lp_test_29,orig,tfidf_optimization_role_repair,nlp4lp_test_29,nlp4lp_test_29,1,6,5,0.8333333333333334,1.0,0.6,0.8,1.0
nlp4lp_test_30,orig,tfidf_optimization_role_repair,nlp4lp_test_30,nlp4lp_test_30,1,7,7,1.0,0.7142857142857143,0.42857142857142855,0.7142857142857143,1.0
nlp4lp_test_31,orig,tfidf_optimization_role_repair,nlp4lp_test_31,nlp4lp_test_31,1,2,2,1.0,1.0,0.5,0.5,1.0
nlp4lp_test_32,orig,tfidf_optimization_role_repair,nlp4lp_test_32,nlp4lp_test_32,1,8,8,1.0,0.875,0.5,0.75,1.0
nlp4lp_test_33,orig,tfidf_optimization_role_repair,nlp4lp_test_33,nlp4lp_test_33,1,8,7,0.875,0.8571428571428571,0.14285714285714285,0.2857142857142857,1.0
nlp4lp_test_34,orig,tfidf_optimization_role_repair,nlp4lp_test_34,nlp4lp_test_34,1,4,4,1.0,1.0,0.25,0.25,1.0
nlp4lp_test_35,orig,tfidf_optimization_role_repair,nlp4lp_test_35,nlp4lp_test_35,1,8,8,1.0,1.0,0.25,0.25,1.0
nlp4lp_test_36,orig,tfidf_optimization_role_repair,nlp4lp_test_10,nlp4lp_test_36,0,0,0,0.0,0.0,,,0.0
nlp4lp_test_37,orig,tfidf_optimization_role_repair,nlp4lp_test_37,nlp4lp_test_37,1,2,2,1.0,1.0,0.0,0.0,1.0
nlp4lp_test_38,orig,tfidf_optimization_role_repair,nlp4lp_test_38,nlp4lp_test_38,1,9,9,1.0,0.8888888888888888,0.5555555555555556,0.5555555555555556,1.0
nlp4lp_test_39,orig,tfidf_optimization_role_repair,nlp4lp_test_39,nlp4lp_test_39,1,6,4,0.6666666666666666,0.75,0.0,0.0,1.0
nlp4lp_test_40,orig,tfidf_optimization_role_repair,nlp4lp_test_40,nlp4lp_test_40,1,8,8,1.0,1.0,0.375,0.625,1.0
nlp4lp_test_41,orig,tfidf_optimization_role_repair,nlp4lp_test_41,nlp4lp_test_41,1,3,3,1.0,0.3333333333333333,0.3333333333333333,0.3333333333333333,1.0
nlp4lp_test_42,orig,tfidf_optimization_role_repair,nlp4lp_test_42,nlp4lp_test_42,1,8,8,1.0,1.0,0.0,0.0,1.0
nlp4lp_test_43,orig,tfidf_optimization_role_repair,nlp4lp_test_43,nlp4lp_test_43,1,3,3,1.0,0.6666666666666666,0.3333333333333333,0.3333333333333333,1.0
nlp4lp_test_44,orig,tfidf_optimization_role_repair,nlp4lp_test_44,nlp4lp_test_44,1,4,4,1.0,0.75,0.0,0.0,1.0
nlp4lp_test_45,orig,tfidf_optimization_role_repair,nlp4lp_test_45,nlp4lp_test_45,1,9,9,1.0,0.7777777777777778,0.3333333333333333,0.4444444444444444,1.0
nlp4lp_test_46,orig,tfidf_optimization_role_repair,nlp4lp_test_46,nlp4lp_test_46,1,6,6,1.0,0.6666666666666666,0.3333333333333333,0.3333333333333333,1.0
nlp4lp_test_47,orig,tfidf_optimization_role_repair,nlp4lp_test_47,nlp4lp_test_47,1,5,4,0.8,1.0,0.25,0.25,1.0
nlp4lp_test_48,orig,tfidf_optimization_role_repair,nlp4lp_test_48,nlp4lp_test_48,1,7,7,1.0,0.7142857142857143,0.2857142857142857,0.2857142857142857,1.0
nlp4lp_test_49,orig,tfidf_optimization_role_repair,nlp4lp_test_49,nlp4lp_test_49,1,6,4,0.6666666666666666,1.0,0.5,0.5,1.0
nlp4lp_test_50,orig,tfidf_optimization_role_repair,nlp4lp_test_50,nlp4lp_test_50,1,8,8,1.0,0.875,0.25,0.375,1.0
nlp4lp_test_51,orig,tfidf_optimization_role_repair,nlp4lp_test_51,nlp4lp_test_51,1,3,3,1.0,1.0,0.0,0.0,1.0
nlp4lp_test_52,orig,tfidf_optimization_role_repair,nlp4lp_test_52,nlp4lp_test_52,1,6,6,1.0,0.8333333333333334,0.5,0.5,1.0
nlp4lp_test_53,orig,tfidf_optimization_role_repair,nlp4lp_test_53,nlp4lp_test_53,1,3,3,1.0,1.0,0.0,0.0,1.0
nlp4lp_test_54,orig,tfidf_optimization_role_repair,nlp4lp_test_54,nlp4lp_test_54,1,4,4,1.0,0.5,0.5,0.5,1.0
nlp4lp_test_55,orig,tfidf_optimization_role_repair,nlp4lp_test_55,nlp4lp_test_55,1,9,9,1.0,1.0,0.1111111111111111,0.3333333333333333,1.0
nlp4lp_test_56,orig,tfidf_optimization_role_repair,nlp4lp_test_56,nlp4lp_test_56,1,6,6,1.0,1.0,0.16666666666666666,0.3333333333333333,1.0
nlp4lp_test_57,orig,tfidf_optimization_role_repair,nlp4lp_test_57,nlp4lp_test_57,1,5,5,1.0,0.8,0.2,0.2,1.0
nlp4lp_test_58,orig,tfidf_optimization_role_repair,nlp4lp_test_58,nlp4lp_test_58,1,8,7,0.875,0.7142857142857143,0.2857142857142857,0.2857142857142857,1.0
nlp4lp_test_59,orig,tfidf_optimization_role_repair,nlp4lp_test_59,nlp4lp_test_59,1,6,6,1.0,0.8333333333333334,0.6666666666666666,0.6666666666666666,1.0
nlp4lp_test_60,orig,tfidf_optimization_role_repair,nlp4lp_test_60,nlp4lp_test_60,1,8,8,1.0,0.5,0.5,0.625,1.0
nlp4lp_test_61,orig,tfidf_optimization_role_repair,nlp4lp_test_61,nlp4lp_test_61,1,6,6,1.0,0.8333333333333334,0.0,0.0,1.0
nlp4lp_test_62,orig,tfidf_optimization_role_repair,nlp4lp_test_62,nlp4lp_test_62,1,6,6,1.0,0.6666666666666666,0.6666666666666666,0.6666666666666666,1.0
nlp4lp_test_63,orig,tfidf_optimization_role_repair,nlp4lp_test_63,nlp4lp_test_63,1,3,3,1.0,1.0,0.6666666666666666,0.6666666666666666,1.0
nlp4lp_test_64,orig,tfidf_optimization_role_repair,nlp4lp_test_64,nlp4lp_test_64,1,4,4,1.0,0.75,0.0,0.0,1.0
nlp4lp_test_65,orig,tfidf_optimization_role_repair,nlp4lp_test_65,nlp4lp_test_65,1,9,9,1.0,1.0,0.5555555555555556,0.5555555555555556,1.0
nlp4lp_test_66,orig,tfidf_optimization_role_repair,nlp4lp_test_66,nlp4lp_test_66,1,6,6,1.0,0.6666666666666666,0.3333333333333333,0.3333333333333333,1.0
nlp4lp_test_67,orig,tfidf_optimization_role_repair,nlp4lp_test_67,nlp4lp_test_67,1,5,4,0.8,0.25,0.5,0.5,1.0
nlp4lp_test_68,orig,tfidf_optimization_role_repair,nlp4lp_test_68,nlp4lp_test_68,1,7,7,1.0,0.7142857142857143,0.14285714285714285,0.2857142857142857,1.0
nlp4lp_test_69,orig,tfidf_optimization_role_repair,nlp4lp_test_69,nlp4lp_test_69,1,3,3,1.0,0.6666666666666666,0.0,0.0,1.0
nlp4lp_test_70,orig,tfidf_optimization_role_repair,nlp4lp_test_70,nlp4lp_test_70,1,8,8,1.0,0.625,0.375,0.375,1.0
nlp4lp_test_71,orig,tfidf_optimization_role_repair,nlp4lp_test_71,nlp4lp_test_71,1,6,6,1.0,0.8333333333333334,0.16666666666666666,0.16666666666666666,1.0
nlp4lp_test_72,orig,tfidf_optimization_role_repair,nlp4lp_test_72,nlp4lp_test_72,1,3,3,1.0,0.6666666666666666,0.6666666666666666,0.6666666666666666,1.0
nlp4lp_test_73,orig,tfidf_optimization_role_repair,nlp4lp_test_73,nlp4lp_test_73,1,2,2,1.0,1.0,0.0,0.0,1.0
nlp4lp_test_74,orig,tfidf_optimization_role_repair,nlp4lp_test_74,nlp4lp_test_74,1,9,9,1.0,1.0,0.2222222222222222,0.2222222222222222,1.0
nlp4lp_test_75,orig,tfidf_optimization_role_repair,nlp4lp_test_75,nlp4lp_test_75,1,9,9,1.0,1.0,0.4444444444444444,0.5555555555555556,1.0
nlp4lp_test_76,orig,tfidf_optimization_role_repair,nlp4lp_test_76,nlp4lp_test_76,1,6,6,1.0,0.0,0.0,0.16666666666666666,1.0
nlp4lp_test_77,orig,tfidf_optimization_role_repair,nlp4lp_test_77,nlp4lp_test_77,1,5,5,1.0,0.8,0.0,0.0,1.0
nlp4lp_test_78,orig,tfidf_optimization_role_repair,nlp4lp_test_78,nlp4lp_test_78,1,7,7,1.0,0.7142857142857143,0.2857142857142857,0.5714285714285714,1.0
nlp4lp_test_79,orig,tfidf_optimization_role_repair,nlp4lp_test_79,nlp4lp_test_79,1,6,6,1.0,0.5,0.0,0.0,1.0
nlp4lp_test_80,orig,tfidf_optimization_role_repair,nlp4lp_test_80,nlp4lp_test_80,1,8,8,1.0,0.75,0.625,0.625,1.0
nlp4lp_test_81,orig,tfidf_optimization_role_repair,nlp4lp_test_81,nlp4lp_test_81,1,3,3,1.0,1.0,0.6666666666666666,0.6666666666666666,1.0
nlp4lp_test_82,orig,tfidf_optimization_role_repair,nlp4lp_test_82,nlp4lp_test_82,1,6,6,1.0,0.6666666666666666,0.5,0.5,1.0
nlp4lp_test_83,orig,tfidf_optimization_role_repair,nlp4lp_test_83,nlp4lp_test_83,1,2,2,1.0,1.0,0.0,0.0,1.0
nlp4lp_test_84,orig,tfidf_optimization_role_repair,nlp4lp_test_84,nlp4lp_test_84,1,4,4,1.0,1.0,0.5,0.5,1.0
nlp4lp_test_85,orig,tfidf_optimization_role_repair,nlp4lp_test_85,nlp4lp_test_85,1,9,9,1.0,0.7777777777777778,0.7777777777777778,0.7777777777777778,1.0
nlp4lp_test_86,orig,tfidf_optimization_role_repair,nlp4lp_test_86,nlp4lp_test_86,1,3,3,1.0,1.0,0.3333333333333333,0.3333333333333333,1.0
nlp4lp_test_87,orig,tfidf_optimization_role_repair,nlp4lp_test_87,nlp4lp_test_87,1,5,5,1.0,0.8,0.0,0.0,1.0
nlp4lp_test_88,orig,tfidf_optimization_role_repair,nlp4lp_test_88,nlp4lp_test_88,1,7,7,1.0,0.7142857142857143,0.2857142857142857,0.2857142857142857,1.0
nlp4lp_test_89,orig,tfidf_optimization_role_repair,nlp4lp_test_89,nlp4lp_test_89,1,3,3,1.0,1.0,0.3333333333333333,0.3333333333333333,1.0
nlp4lp_test_90,orig,tfidf_optimization_role_repair,nlp4lp_test_90,nlp4lp_test_90,1,9,9,1.0,0.8888888888888888,0.3333333333333333,0.3333333333333333,1.0
nlp4lp_test_91,orig,tfidf_optimization_role_repair,nlp4lp_test_91,nlp4lp_test_91,1,4,4,1.0,1.0,0.25,0.25,1.0
nlp4lp_test_92,orig,tfidf_optimization_role_repair,nlp4lp_test_92,nlp4lp_test_92,1,7,7,1.0,0.7142857142857143,0.0,0.2857142857142857,1.0
nlp4lp_test_93,orig,tfidf_optimization_role_repair,nlp4lp_test_93,nlp4lp_test_93,1,7,7,1.0,0.8571428571428571,0.42857142857142855,0.42857142857142855,1.0
nlp4lp_test_94,orig,tfidf_optimization_role_repair,nlp4lp_test_94,nlp4lp_test_94,1,5,4,0.8,1.0,0.25,0.25,1.0
nlp4lp_test_95,orig,tfidf_optimization_role_repair,nlp4lp_test_95,nlp4lp_test_95,1,3,3,1.0,1.0,0.0,0.0,1.0
nlp4lp_test_96,orig,tfidf_optimization_role_repair,nlp4lp_test_231,nlp4lp_test_96,0,0,0,0.0,0.0,,,0.0
nlp4lp_test_97,orig,tfidf_optimization_role_repair,nlp4lp_test_97,nlp4lp_test_97,1,9,9,1.0,0.7777777777777778,0.1111111111111111,0.1111111111111111,1.0
nlp4lp_test_98,orig,tfidf_optimization_role_repair,nlp4lp_test_98,nlp4lp_test_98,1,5,4,0.8,1.0,0.25,0.25,1.0
nlp4lp_test_99,orig,tfidf_optimization_role_repair,nlp4lp_test_99,nlp4lp_test_99,1,3,3,1.0,1.0,0.0,0.0,1.0
nlp4lp_test_100,orig,tfidf_optimization_role_repair,nlp4lp_test_100,nlp4lp_test_100,1,9,9,1.0,0.5555555555555556,0.2222222222222222,0.2222222222222222,1.0
nlp4lp_test_101,orig,tfidf_optimization_role_repair,nlp4lp_test_101,nlp4lp_test_101,1,4,4,1.0,1.0,0.25,0.5,1.0
nlp4lp_test_102,orig,tfidf_optimization_role_repair,nlp4lp_test_102,nlp4lp_test_102,1,3,3,1.0,1.0,0.0,0.0,0.42857142857142855
nlp4lp_test_103,orig,tfidf_optimization_role_repair,nlp4lp_test_103,nlp4lp_test_103,1,7,6,0.8571428571428571,1.0,0.8333333333333334,0.8333333333333334,1.0
nlp4lp_test_104,orig,tfidf_optimization_role_repair,nlp4lp_test_104,nlp4lp_test_104,1,5,4,0.8,1.0,0.5,0.5,1.0
nlp4lp_test_105,orig,tfidf_optimization_role_repair,nlp4lp_test_105,nlp4lp_test_105,1,3,3,1.0,1.0,0.3333333333333333,0.3333333333333333,1.0
nlp4lp_test_106,orig,tfidf_optimization_role_repair,nlp4lp_test_227,nlp4lp_test_106,0,0,0,0.0,0.0,,,0.0
nlp4lp_test_107,orig,tfidf_optimization_role_repair,nlp4lp_test_107,nlp4lp_test_107,1,10,9,0.9,0.7777777777777778,0.2222222222222222,0.2222222222222222,1.0
nlp4lp_test_108,orig,tfidf_optimization_role_repair,nlp4lp_test_108,nlp4lp_test_108,1,5,4,0.8,0.75,0.75,0.75,1.0
nlp4lp_test_109,orig,tfidf_optimization_role_repair,nlp4lp_test_109,nlp4lp_test_109,1,8,8,1.0,0.25,0.25,0.375,1.0
nlp4lp_test_110,orig,tfidf_optimization_role_repair,nlp4lp_test_110,nlp4lp_test_110,1,9,9,1.0,0.7777777777777778,0.4444444444444444,0.5555555555555556,1.0
nlp4lp_test_111,orig,tfidf_optimization_role_repair,nlp4lp_test_111,nlp4lp_test_111,1,4,4,1.0,1.0,0.25,0.25,1.0
nlp4lp_test_112,orig,tfidf_optimization_role_repair,nlp4lp_test_112,nlp4lp_test_112,1,7,7,1.0,0.7142857142857143,0.0,0.0,1.0
nlp4lp_test_113,orig,tfidf_optimization_role_repair,nlp4lp_test_113,nlp4lp_test_113,1,7,7,1.0,0.7142857142857143,0.0,0.0,1.0
nlp4lp_test_114,orig,tfidf_optimization_role_repair,nlp4lp_test_114,nlp4lp_test_114,1,5,4,0.8,0.5,0.5,0.5,1.0
nlp4lp_test_115,orig,tfidf_optimization_role_repair,nlp4lp_test_115,nlp4lp_test_115,1,3,3,1.0,1.0,0.0,0.0,1.0
nlp4lp_test_116,orig,tfidf_optimization_role_repair,nlp4lp_test_116,nlp4lp_test_116,1,4,4,1.0,1.0,0.0,0.0,1.0
nlp4lp_test_117,orig,tfidf_optimization_role_repair,nlp4lp_test_131,nlp4lp_test_117,0,0,0,0.0,0.0,,,0.0
nlp4lp_test_118,orig,tfidf_optimization_role_repair,nlp4lp_test_118,nlp4lp_test_118,1,5,5,1.0,0.6,0.6,0.6,1.0
nlp4lp_test_119,orig,tfidf_optimization_role_repair,nlp4lp_test_119,nlp4lp_test_119,1,4,4,1.0,1.0,0.0,0.0,1.0
nlp4lp_test_120,orig,tfidf_optimization_role_repair,nlp4lp_test_120,nlp4lp_test_120,1,9,9,1.0,0.8888888888888888,0.3333333333333333,0.3333333333333333,1.0
nlp4lp_test_121,orig,tfidf_optimization_role_repair,nlp4lp_test_121,nlp4lp_test_121,1,4,4,1.0,1.0,0.0,0.25,1.0
nlp4lp_test_122,orig,tfidf_optimization_role_repair,nlp4lp_test_122,nlp4lp_test_122,1,7,7,1.0,1.0,0.5714285714285714,0.5714285714285714,1.0
nlp4lp_test_123,orig,tfidf_optimization_role_repair,nlp4lp_test_123,nlp4lp_test_123,1,7,7,1.0,0.8571428571428571,0.42857142857142855,0.42857142857142855,1.0
nlp4lp_test_124,orig,tfidf_optimization_role_repair,nlp4lp_test_124,nlp4lp_test_124,1,5,4,0.8,1.0,0.0,0.0,1.0
nlp4lp_test_125,orig,tfidf_optimization_role_repair,nlp4lp_test_125,nlp4lp_test_125,1,3,3,1.0,1.0,0.3333333333333333,0.3333333333333333,1.0
nlp4lp_test_126,orig,tfidf_optimization_role_repair,nlp4lp_test_126,nlp4lp_test_126,1,9,9,1.0,1.0,0.2222222222222222,0.3333333333333333,1.0
nlp4lp_test_127,orig,tfidf_optimization_role_repair,nlp4lp_test_127,nlp4lp_test_127,1,9,9,1.0,1.0,0.2222222222222222,0.2222222222222222,1.0
nlp4lp_test_128,orig,tfidf_optimization_role_repair,nlp4lp_test_128,nlp4lp_test_128,1,5,4,0.8,0.75,0.5,0.5,1.0
nlp4lp_test_129,orig,tfidf_optimization_role_repair,nlp4lp_test_129,nlp4lp_test_129,1,8,8,1.0,0.25,0.0,0.25,1.0
nlp4lp_test_130,orig,tfidf_optimization_role_repair,nlp4lp_test_120,nlp4lp_test_130,0,0,0,0.0,0.0,,,0.0
nlp4lp_test_131,orig,tfidf_optimization_role_repair,nlp4lp_test_131,nlp4lp_test_131,1,4,4,1.0,1.0,0.25,0.5,1.0
nlp4lp_test_132,orig,tfidf_optimization_role_repair,nlp4lp_test_132,nlp4lp_test_132,1,2,2,1.0,0.5,0.0,0.0,1.0
nlp4lp_test_133,orig,tfidf_optimization_role_repair,nlp4lp_test_133,nlp4lp_test_133,1,5,4,0.8,1.0,0.0,0.0,1.0
nlp4lp_test_134,orig,tfidf_optimization_role_repair,nlp4lp_test_134,nlp4lp_test_134,1,3,3,1.0,0.6666666666666666,0.3333333333333333,0.3333333333333333,1.0
nlp4lp_test_135,orig,tfidf_optimization_role_repair,nlp4lp_test_135,nlp4lp_test_135,1,9,9,1.0,0.6666666666666666,0.4444444444444444,0.6666666666666666,1.0
nlp4lp_test_136,orig,tfidf_optimization_role_repair,nlp4lp_test_136,nlp4lp_test_136,1,9,9,1.0,1.0,0.2222222222222222,0.2222222222222222,1.0
nlp4lp_test_137,orig,tfidf_optimization_role_repair,nlp4lp_test_137,nlp4lp_test_137,1,5,5,1.0,0.8,0.2,0.2,1.0
nlp4lp_test_138,orig,tfidf_optimization_role_repair,nlp4lp_test_138,nlp4lp_test_138,1,6,4,0.6666666666666666,1.0,0.0,0.0,1.0
nlp4lp_test_139,orig,tfidf_optimization_role_repair,nlp4lp_test_139,nlp4lp_test_139,1,7,6,0.8571428571428571,0.8333333333333334,0.3333333333333333,0.3333333333333333,1.0
nlp4lp_test_140,orig,tfidf_optimization_role_repair,nlp4lp_test_140,nlp4lp_test_140,1,7,7,1.0,0.7142857142857143,0.2857142857142857,0.2857142857142857,1.0
nlp4lp_test_141,orig,tfidf_optimization_role_repair,nlp4lp_test_141,nlp4lp_test_141,1,7,7,1.0,0.7142857142857143,0.42857142857142855,0.42857142857142855,1.0
nlp4lp_test_142,orig,tfidf_optimization_role_repair,nlp4lp_test_142,nlp4lp_test_142,1,6,6,1.0,0.5,0.3333333333333333,0.3333333333333333,1.0
nlp4lp_test_143,orig,tfidf_optimization_role_repair,nlp4lp_test_143,nlp4lp_test_143,1,8,8,1.0,1.0,0.125,0.125,1.0
nlp4lp_test_144,orig,tfidf_optimization_role_repair,nlp4lp_test_144,nlp4lp_test_144,1,7,7,1.0,1.0,0.42857142857142855,0.42857142857142855,1.0
nlp4lp_test_145,orig,tfidf_optimization_role_repair,nlp4lp_test_145,nlp4lp_test_145,1,3,3,1.0,0.6666666666666666,0.3333333333333333,0.3333333333333333,1.0
nlp4lp_test_146,orig,tfidf_optimization_role_repair,nlp4lp_test_146,nlp4lp_test_146,1,5,4,0.8,0.5,0.75,0.75,1.0
nlp4lp_test_147,orig,tfidf_optimization_role_repair,nlp4lp_test_147,nlp4lp_test_147,1,4,4,1.0,0.25,0.5,0.5,1.0
nlp4lp_test_148,orig,tfidf_optimization_role_repair,nlp4lp_test_148,nlp4lp_test_148,1,3,3,1.0,0.3333333333333333,0.0,0.0,1.0
nlp4lp_test_149,orig,tfidf_optimization_role_repair,nlp4lp_test_149,nlp4lp_test_149,1,7,6,0.8571428571428571,1.0,0.0,0.0,1.0
nlp4lp_test_150,orig,tfidf_optimization_role_repair,nlp4lp_test_150,nlp4lp_test_150,1,7,7,1.0,0.7142857142857143,0.42857142857142855,0.42857142857142855,1.0
nlp4lp_test_151,orig,tfidf_optimization_role_repair,nlp4lp_test_151,nlp4lp_test_151,1,7,7,1.0,0.7142857142857143,0.42857142857142855,0.42857142857142855,1.0
nlp4lp_test_152,orig,tfidf_optimization_role_repair,nlp4lp_test_152,nlp4lp_test_152,1,6,6,1.0,0.6666666666666666,0.0,0.0,1.0
nlp4lp_test_153,orig,tfidf_optimization_role_repair,nlp4lp_test_153,nlp4lp_test_153,1,8,7,0.875,0.8571428571428571,0.0,0.0,1.0
nlp4lp_test_154,orig,tfidf_optimization_role_repair,nlp4lp_test_154,nlp4lp_test_154,1,7,7,1.0,0.7142857142857143,0.2857142857142857,0.2857142857142857,1.0
nlp4lp_test_155,orig,tfidf_optimization_role_repair,nlp4lp_test_155,nlp4lp_test_155,1,3,3,1.0,0.3333333333333333,0.3333333333333333,0.3333333333333333,1.0
nlp4lp_test_156,orig,tfidf_optimization_role_repair,nlp4lp_test_156,nlp4lp_test_156,1,5,4,0.8,1.0,0.25,0.25,1.0
nlp4lp_test_157,orig,tfidf_optimization_role_repair,nlp4lp_test_157,nlp4lp_test_157,1,4,4,1.0,0.5,0.0,0.0,1.0
nlp4lp_test_158,orig,tfidf_optimization_role_repair,nlp4lp_test_158,nlp4lp_test_158,1,6,6,1.0,0.8333333333333334,0.16666666666666666,0.16666666666666666,1.0
nlp4lp_test_159,orig,tfidf_optimization_role_repair,nlp4lp_test_159,nlp4lp_test_159,1,7,6,0.8571428571428571,0.8333333333333334,0.0,0.0,1.0
nlp4lp_test_160,orig,tfidf_optimization_role_repair,nlp4lp_test_160,nlp4lp_test_160,1,7,7,1.0,0.8571428571428571,0.5714285714285714,0.5714285714285714,1.0
nlp4lp_test_161,orig,tfidf_optimization_role_repair,nlp4lp_test_151,nlp4lp_test_161,0,5,5,1.0,0.8,,,0.7142857142857143
nlp4lp_test_162,orig,tfidf_optimization_role_repair,nlp4lp_test_162,nlp4lp_test_162,1,6,6,1.0,0.6666666666666666,0.5,0.5,1.0
nlp4lp_test_163,orig,tfidf_optimization_role_repair,nlp4lp_test_163,nlp4lp_test_163,1,8,7,0.875,0.5714285714285714,0.2857142857142857,0.2857142857142857,1.0
nlp4lp_test_164,orig,tfidf_optimization_role_repair,nlp4lp_test_164,nlp4lp_test_164,1,7,7,1.0,0.8571428571428571,0.7142857142857143,0.7142857142857143,1.0
nlp4lp_test_165,orig,tfidf_optimization_role_repair,nlp4lp_test_165,nlp4lp_test_165,1,4,3,0.75,1.0,0.0,0.0,1.0
nlp4lp_test_166,orig,tfidf_optimization_role_repair,nlp4lp_test_166,nlp4lp_test_166,1,4,3,0.75,0.0,0.3333333333333333,0.3333333333333333,1.0
nlp4lp_test_167,orig,tfidf_optimization_role_repair,nlp4lp_test_167,nlp4lp_test_167,1,4,4,1.0,0.5,0.5,0.5,1.0
nlp4lp_test_168,orig,tfidf_optimization_role_repair,nlp4lp_test_168,nlp4lp_test_168,1,6,3,0.5,1.0,0.0,0.0,1.0
nlp4lp_test_169,orig,tfidf_optimization_role_repair,nlp4lp_test_169,nlp4lp_test_169,1,7,6,0.8571428571428571,0.8333333333333334,0.3333333333333333,0.3333333333333333,1.0
nlp4lp_test_170,orig,tfidf_optimization_role_repair,nlp4lp_test_170,nlp4lp_test_170,1,7,7,1.0,0.8571428571428571,0.0,0.2857142857142857,1.0
nlp4lp_test_171,orig,tfidf_optimization_role_repair,nlp4lp_test_171,nlp4lp_test_171,1,7,7,1.0,0.7142857142857143,0.5714285714285714,0.5714285714285714,1.0
nlp4lp_test_172,orig,tfidf_optimization_role_repair,nlp4lp_test_172,nlp4lp_test_172,1,6,6,1.0,1.0,0.3333333333333333,0.3333333333333333,1.0
nlp4lp_test_173,orig,tfidf_optimization_role_repair,nlp4lp_test_173,nlp4lp_test_173,1,8,7,0.875,0.7142857142857143,0.2857142857142857,0.42857142857142855,1.0
nlp4lp_test_174,orig,tfidf_optimization_role_repair,nlp4lp_test_174,nlp4lp_test_174,1,4,4,1.0,1.0,0.25,0.25,1.0
nlp4lp_test_175,orig,tfidf_optimization_role_repair,nlp4lp_test_175,nlp4lp_test_175,1,5,3,0.6,1.0,0.0,0.0,1.0
nlp4lp_test_176,orig,tfidf_optimization_role_repair,nlp4lp_test_176,nlp4lp_test_176,1,4,4,1.0,0.5,0.5,0.5,1.0
nlp4lp_test_177,orig,tfidf_optimization_role_repair,nlp4lp_test_177,nlp4lp_test_177,1,5,5,1.0,1.0,0.2,0.2,1.0
nlp4lp_test_178,orig,tfidf_optimization_role_repair,nlp4lp_test_178,nlp4lp_test_178,1,3,3,1.0,0.6666666666666666,0.6666666666666666,0.6666666666666666,1.0
nlp4lp_test_179,orig,tfidf_optimization_role_repair,nlp4lp_test_179,nlp4lp_test_179,1,7,6,0.8571428571428571,0.0,0.0,0.0,1.0
nlp4lp_test_180,orig,tfidf_optimization_role_repair,nlp4lp_test_180,nlp4lp_test_180,1,7,7,1.0,0.7142857142857143,0.0,0.0,1.0
nlp4lp_test_181,orig,tfidf_optimization_role_repair,nlp4lp_test_181,nlp4lp_test_181,1,7,7,1.0,0.7142857142857143,0.42857142857142855,0.42857142857142855,1.0
nlp4lp_test_182,orig,tfidf_optimization_role_repair,nlp4lp_test_182,nlp4lp_test_182,1,6,6,1.0,0.6666666666666666,0.5,0.5,1.0
nlp4lp_test_183,orig,tfidf_optimization_role_repair,nlp4lp_test_183,nlp4lp_test_183,1,8,7,0.875,0.7142857142857143,0.7142857142857143,0.7142857142857143,1.0
nlp4lp_test_184,orig,tfidf_optimization_role_repair,nlp4lp_test_184,nlp4lp_test_184,1,7,6,0.8571428571428571,0.5,0.16666666666666666,0.16666666666666666,1.0
nlp4lp_test_185,orig,tfidf_optimization_role_repair,nlp4lp_test_185,nlp4lp_test_185,1,3,3,1.0,0.6666666666666666,0.0,0.0,1.0
nlp4lp_test_186,orig,tfidf_optimization_role_repair,nlp4lp_test_186,nlp4lp_test_186,1,4,4,1.0,0.75,0.0,0.0,1.0
nlp4lp_test_187,orig,tfidf_optimization_role_repair,nlp4lp_test_187,nlp4lp_test_187,1,4,4,1.0,0.5,0.0,0.0,1.0
nlp4lp_test_188,orig,tfidf_optimization_role_repair,nlp4lp_test_120,nlp4lp_test_188,0,0,0,0.0,0.0,,,0.0
nlp4lp_test_189,orig,tfidf_optimization_role_repair,nlp4lp_test_189,nlp4lp_test_189,1,2,2,1.0,1.0,0.5,0.5,1.0
nlp4lp_test_190,orig,tfidf_optimization_role_repair,nlp4lp_test_190,nlp4lp_test_190,1,3,3,1.0,1.0,0.0,0.0,1.0
nlp4lp_test_191,orig,tfidf_optimization_role_repair,nlp4lp_test_191,nlp4lp_test_191,1,8,8,1.0,0.75,0.125,0.125,1.0
nlp4lp_test_192,orig,tfidf_optimization_role_repair,nlp4lp_test_192,nlp4lp_test_192,1,2,2,1.0,1.0,0.0,0.0,1.0
nlp4lp_test_193,orig,tfidf_optimization_role_repair,nlp4lp_test_193,nlp4lp_test_193,1,8,8,1.0,1.0,0.0,0.25,1.0
nlp4lp_test_194,orig,tfidf_optimization_role_repair,nlp4lp_test_259,nlp4lp_test_194,0,0,0,0.0,0.0,,,0.0
nlp4lp_test_195,orig,tfidf_optimization_role_repair,nlp4lp_test_195,nlp4lp_test_195,1,8,5,0.625,1.0,0.2,0.2,1.0
nlp4lp_test_196,orig,tfidf_optimization_role_repair,nlp4lp_test_196,nlp4lp_test_196,1,2,2,1.0,1.0,0.0,0.0,1.0
nlp4lp_test_197,orig,tfidf_optimization_role_repair,nlp4lp_test_197,nlp4lp_test_197,1,2,2,1.0,1.0,0.0,0.0,1.0
nlp4lp_test_198,orig,tfidf_optimization_role_repair,nlp4lp_test_198,nlp4lp_test_198,1,11,11,1.0,1.0,0.45454545454545453,0.45454545454545453,1.0
nlp4lp_test_199,orig,tfidf_optimization_role_repair,nlp4lp_test_199,nlp4lp_test_199,1,2,2,1.0,1.0,0.0,0.0,1.0
nlp4lp_test_200,orig,tfidf_optimization_role_repair,nlp4lp_test_200,nlp4lp_test_200,1,7,7,1.0,0.5714285714285714,0.42857142857142855,0.42857142857142855,1.0
nlp4lp_test_201,orig,tfidf_optimization_role_repair,nlp4lp_test_193,nlp4lp_test_201,0,0,0,0.0,0.0,,,0.0
nlp4lp_test_202,orig,tfidf_optimization_role_repair,nlp4lp_test_202,nlp4lp_test_202,1,6,6,1.0,0.8333333333333334,0.3333333333333333,0.3333333333333333,1.0
nlp4lp_test_203,orig,tfidf_optimization_role_repair,nlp4lp_test_203,nlp4lp_test_203,1,3,3,1.0,0.0,0.0,0.0,1.0
nlp4lp_test_204,orig,tfidf_optimization_role_repair,nlp4lp_test_204,nlp4lp_test_204,1,8,8,1.0,0.5,0.25,0.25,1.0
nlp4lp_test_205,orig,tfidf_optimization_role_repair,nlp4lp_test_205,nlp4lp_test_205,1,3,3,1.0,1.0,0.0,0.0,1.0
nlp4lp_test_206,orig,tfidf_optimization_role_repair,nlp4lp_test_206,nlp4lp_test_206,1,6,6,1.0,0.8333333333333334,0.0,0.0,1.0
nlp4lp_test_207,orig,tfidf_optimization_role_repair,nlp4lp_test_207,nlp4lp_test_207,1,5,5,1.0,0.6,0.6,0.6,1.0
nlp4lp_test_208,orig,tfidf_optimization_role_repair,nlp4lp_test_208,nlp4lp_test_208,1,7,7,1.0,0.8571428571428571,0.2857142857142857,0.42857142857142855,1.0
nlp4lp_test_209,orig,tfidf_optimization_role_repair,nlp4lp_test_209,nlp4lp_test_209,1,7,7,1.0,0.8571428571428571,0.42857142857142855,0.5714285714285714,1.0
nlp4lp_test_210,orig,tfidf_optimization_role_repair,nlp4lp_test_210,nlp4lp_test_210,1,6,5,0.8333333333333334,0.8,0.2,0.2,1.0
nlp4lp_test_211,orig,tfidf_optimization_role_repair,nlp4lp_test_211,nlp4lp_test_211,1,5,5,1.0,0.6,0.6,0.6,1.0
nlp4lp_test_212,orig,tfidf_optimization_role_repair,nlp4lp_test_212,nlp4lp_test_212,1,10,8,0.8,0.5,0.25,0.25,1.0
nlp4lp_test_213,orig,tfidf_optimization_role_repair,nlp4lp_test_213,nlp4lp_test_213,1,5,5,1.0,0.8,0.2,0.2,1.0
nlp4lp_test_214,orig,tfidf_optimization_role_repair,nlp4lp_test_214,nlp4lp_test_214,1,5,4,0.8,0.75,0.25,0.25,1.0
nlp4lp_test_215,orig,tfidf_optimization_role_repair,nlp4lp_test_215,nlp4lp_test_215,1,7,7,1.0,0.5714285714285714,0.2857142857142857,0.2857142857142857,1.0
nlp4lp_test_216,orig,tfidf_optimization_role_repair,nlp4lp_test_216,nlp4lp_test_216,1,5,5,1.0,0.8,0.6,0.6,1.0
nlp4lp_test_217,orig,tfidf_optimization_role_repair,nlp4lp_test_217,nlp4lp_test_217,1,7,6,0.8571428571428571,1.0,0.0,0.3333333333333333,1.0
nlp4lp_test_218,orig,tfidf_optimization_role_repair,nlp4lp_test_218,nlp4lp_test_218,1,8,8,1.0,0.875,0.375,0.375,1.0
nlp4lp_test_219,orig,tfidf_optimization_role_repair,nlp4lp_test_219,nlp4lp_test_219,1,4,4,1.0,1.0,0.5,0.5,1.0
nlp4lp_test_220,orig,tfidf_optimization_role_repair,nlp4lp_test_220,nlp4lp_test_220,1,7,6,0.8571428571428571,1.0,0.6666666666666666,0.6666666666666666,1.0
nlp4lp_test_221,orig,tfidf_optimization_role_repair,nlp4lp_test_221,nlp4lp_test_221,1,11,11,1.0,0.9090909090909091,0.09090909090909091,0.18181818181818182,1.0
nlp4lp_test_222,orig,tfidf_optimization_role_repair,nlp4lp_test_214,nlp4lp_test_222,0,0,0,0.0,0.0,,,0.0
nlp4lp_test_223,orig,tfidf_optimization_role_repair,nlp4lp_test_223,nlp4lp_test_223,1,7,6,0.8571428571428571,0.5,0.3333333333333333,0.3333333333333333,1.0
nlp4lp_test_224,orig,tfidf_optimization_role_repair,nlp4lp_test_224,nlp4lp_test_224,1,7,7,1.0,0.8571428571428571,0.2857142857142857,0.2857142857142857,1.0
nlp4lp_test_225,orig,tfidf_optimization_role_repair,nlp4lp_test_225,nlp4lp_test_225,1,10,10,1.0,0.8,0.4,0.5,1.0
nlp4lp_test_226,orig,tfidf_optimization_role_repair,nlp4lp_test_226,nlp4lp_test_226,1,7,7,1.0,0.7142857142857143,0.42857142857142855,0.42857142857142855,1.0
nlp4lp_test_227,orig,tfidf_optimization_role_repair,nlp4lp_test_227,nlp4lp_test_227,1,10,9,0.9,0.7777777777777778,0.1111111111111111,0.1111111111111111,1.0
nlp4lp_test_228,orig,tfidf_optimization_role_repair,nlp4lp_test_228,nlp4lp_test_228,1,4,4,1.0,0.5,1.0,1.0,1.0
nlp4lp_test_229,orig,tfidf_optimization_role_repair,nlp4lp_test_229,nlp4lp_test_229,1,5,4,0.8,1.0,1.0,1.0,1.0
nlp4lp_test_230,orig,tfidf_optimization_role_repair,nlp4lp_test_230,nlp4lp_test_230,1,7,5,0.7142857142857143,0.8,0.4,0.4,1.0
nlp4lp_test_231,orig,tfidf_optimization_role_repair,nlp4lp_test_231,nlp4lp_test_231,1,4,4,1.0,0.5,0.25,0.25,1.0
nlp4lp_test_232,orig,tfidf_optimization_role_repair,nlp4lp_test_232,nlp4lp_test_232,1,8,8,1.0,1.0,0.0,0.125,1.0
nlp4lp_test_233,orig,tfidf_optimization_role_repair,nlp4lp_test_233,nlp4lp_test_233,1,6,6,1.0,0.5,0.16666666666666666,0.16666666666666666,1.0
nlp4lp_test_234,orig,tfidf_optimization_role_repair,nlp4lp_test_185,nlp4lp_test_234,0,0,0,0.0,0.0,,,0.0
nlp4lp_test_235,orig,tfidf_optimization_role_repair,nlp4lp_test_235,nlp4lp_test_235,1,4,4,1.0,1.0,0.25,0.25,1.0
nlp4lp_test_236,orig,tfidf_optimization_role_repair,nlp4lp_test_236,nlp4lp_test_236,1,5,4,0.8,0.75,0.25,0.5,1.0
nlp4lp_test_237,orig,tfidf_optimization_role_repair,nlp4lp_test_237,nlp4lp_test_237,1,9,9,1.0,1.0,0.1111111111111111,0.1111111111111111,1.0
nlp4lp_test_238,orig,tfidf_optimization_role_repair,nlp4lp_test_238,nlp4lp_test_238,1,6,6,1.0,0.8333333333333334,0.6666666666666666,0.6666666666666666,1.0
nlp4lp_test_239,orig,tfidf_optimization_role_repair,nlp4lp_test_239,nlp4lp_test_239,1,5,4,0.8,0.75,0.0,0.0,1.0
nlp4lp_test_240,orig,tfidf_optimization_role_repair,nlp4lp_test_240,nlp4lp_test_240,1,8,5,0.625,0.6,0.0,0.0,1.0
nlp4lp_test_241,orig,tfidf_optimization_role_repair,nlp4lp_test_241,nlp4lp_test_241,1,7,7,1.0,0.5714285714285714,0.14285714285714285,0.14285714285714285,1.0
nlp4lp_test_242,orig,tfidf_optimization_role_repair,nlp4lp_test_242,nlp4lp_test_242,1,5,4,0.8,1.0,0.5,0.5,1.0
nlp4lp_test_243,orig,tfidf_optimization_role_repair,nlp4lp_test_243,nlp4lp_test_243,1,7,6,0.8571428571428571,0.8333333333333334,0.16666666666666666,0.16666666666666666,1.0
nlp4lp_test_244,orig,tfidf_optimization_role_repair,nlp4lp_test_244,nlp4lp_test_244,1,7,7,1.0,0.7142857142857143,0.42857142857142855,0.42857142857142855,1.0
nlp4lp_test_245,orig,tfidf_optimization_role_repair,nlp4lp_test_245,nlp4lp_test_245,1,4,3,0.75,0.6666666666666666,0.3333333333333333,0.3333333333333333,1.0
nlp4lp_test_246,orig,tfidf_optimization_role_repair,nlp4lp_test_63,nlp4lp_test_246,0,0,0,0.0,0.0,,,0.0
nlp4lp_test_247,orig,tfidf_optimization_role_repair,nlp4lp_test_233,nlp4lp_test_247,0,0,0,0.0,0.0,,,0.0
nlp4lp_test_248,orig,tfidf_optimization_role_repair,nlp4lp_test_248,nlp4lp_test_248,1,7,6,0.8571428571428571,0.8333333333333334,0.16666666666666666,0.16666666666666666,1.0
nlp4lp_test_249,orig,tfidf_optimization_role_repair,nlp4lp_test_249,nlp4lp_test_249,1,3,3,1.0,1.0,0.0,0.0,1.0
nlp4lp_test_250,orig,tfidf_optimization_role_repair,nlp4lp_test_250,nlp4lp_test_250,1,3,3,1.0,1.0,0.3333333333333333,0.3333333333333333,1.0
nlp4lp_test_251,orig,tfidf_optimization_role_repair,nlp4lp_test_251,nlp4lp_test_251,1,7,7,1.0,0.7142857142857143,0.42857142857142855,0.42857142857142855,1.0
nlp4lp_test_252,orig,tfidf_optimization_role_repair,nlp4lp_test_252,nlp4lp_test_252,1,5,4,0.8,0.75,0.5,0.5,1.0
nlp4lp_test_253,orig,tfidf_optimization_role_repair,nlp4lp_test_253,nlp4lp_test_253,1,6,5,0.8333333333333334,0.4,0.8,0.8,1.0
nlp4lp_test_254,orig,tfidf_optimization_role_repair,nlp4lp_test_254,nlp4lp_test_254,1,4,4,1.0,0.5,0.5,0.5,1.0
nlp4lp_test_255,orig,tfidf_optimization_role_repair,nlp4lp_test_255,nlp4lp_test_255,1,7,7,1.0,0.5714285714285714,0.2857142857142857,0.5714285714285714,1.0
nlp4lp_test_256,orig,tfidf_optimization_role_repair,nlp4lp_test_256,nlp4lp_test_256,1,5,5,1.0,1.0,0.0,0.0,1.0
nlp4lp_test_257,orig,tfidf_optimization_role_repair,nlp4lp_test_257,nlp4lp_test_257,1,8,8,1.0,1.0,0.25,0.375,1.0
nlp4lp_test_258,orig,tfidf_optimization_role_repair,nlp4lp_test_258,nlp4lp_test_258,1,7,5,0.7142857142857143,1.0,0.2,0.2,1.0
nlp4lp_test_259,orig,tfidf_optimization_role_repair,nlp4lp_test_259,nlp4lp_test_259,1,6,6,1.0,0.8333333333333334,0.16666666666666666,0.16666666666666666,1.0
nlp4lp_test_260,orig,tfidf_optimization_role_repair,nlp4lp_test_260,nlp4lp_test_260,1,9,9,1.0,0.4444444444444444,0.0,0.4444444444444444,1.0
nlp4lp_test_261,orig,tfidf_optimization_role_repair,nlp4lp_test_261,nlp4lp_test_261,1,10,9,0.9,1.0,0.5555555555555556,0.6666666666666666,1.0
nlp4lp_test_262,orig,tfidf_optimization_role_repair,nlp4lp_test_262,nlp4lp_test_262,1,5,5,1.0,0.8,0.0,0.0,1.0
nlp4lp_test_263,orig,tfidf_optimization_role_repair,nlp4lp_test_263,nlp4lp_test_263,1,6,6,1.0,0.6666666666666666,0.6666666666666666,0.6666666666666666,1.0
nlp4lp_test_264,orig,tfidf_optimization_role_repair,nlp4lp_test_264,nlp4lp_test_264,1,5,4,0.8,0.75,0.25,0.25,1.0
nlp4lp_test_265,orig,tfidf_optimization_role_repair,nlp4lp_test_265,nlp4lp_test_265,1,8,8,1.0,0.875,0.0,0.0,1.0
nlp4lp_test_266,orig,tfidf_optimization_role_repair,nlp4lp_test_266,nlp4lp_test_266,1,9,3,0.3333333333333333,1.0,0.3333333333333333,0.3333333333333333,1.0
nlp4lp_test_267,orig,tfidf_optimization_role_repair,nlp4lp_test_267,nlp4lp_test_267,1,6,6,1.0,0.6666666666666666,0.5,0.5,1.0
nlp4lp_test_268,orig,tfidf_optimization_role_repair,nlp4lp_test_28,nlp4lp_test_268,0,0,0,0.0,0.0,,,0.0
nlp4lp_test_269,orig,tfidf_optimization_role_repair,nlp4lp_test_269,nlp4lp_test_269,1,4,4,1.0,0.5,0.5,0.5,1.0
nlp4lp_test_270,orig,tfidf_optimization_role_repair,nlp4lp_test_270,nlp4lp_test_270,1,5,4,0.8,1.0,0.0,0.0,1.0
nlp4lp_test_271,orig,tfidf_optimization_role_repair,nlp4lp_test_271,nlp4lp_test_271,1,5,3,0.6,1.0,1.0,1.0,1.0
nlp4lp_test_272,orig,tfidf_optimization_role_repair,nlp4lp_test_272,nlp4lp_test_272,1,6,6,1.0,0.16666666666666666,0.0,0.0,1.0
nlp4lp_test_273,orig,tfidf_optimization_role_repair,nlp4lp_test_273,nlp4lp_test_273,1,9,9,1.0,0.7777777777777778,0.5555555555555556,0.6666666666666666,1.0
nlp4lp_test_274,orig,tfidf_optimization_role_repair,nlp4lp_test_274,nlp4lp_test_274,1,6,6,1.0,1.0,0.16666666666666666,0.16666666666666666,1.0
nlp4lp_test_275,orig,tfidf_optimization_role_repair,nlp4lp_test_275,nlp4lp_test_275,1,7,7,1.0,0.7142857142857143,0.42857142857142855,0.5714285714285714,1.0
nlp4lp_test_276,orig,tfidf_optimization_role_repair,nlp4lp_test_276,nlp4lp_test_276,1,6,5,0.8333333333333334,0.6,0.4,0.4,1.0
nlp4lp_test_277,orig,tfidf_optimization_role_repair,nlp4lp_test_277,nlp4lp_test_277,1,1,1,1.0,1.0,0.0,0.0,1.0
nlp4lp_test_278,orig,tfidf_optimization_role_repair,nlp4lp_test_278,nlp4lp_test_278,1,2,2,1.0,1.0,0.0,0.0,1.0
nlp4lp_test_279,orig,tfidf_optimization_role_repair,nlp4lp_test_279,nlp4lp_test_279,1,5,5,1.0,1.0,0.0,0.0,1.0
nlp4lp_test_280,orig,tfidf_optimization_role_repair,nlp4lp_test_280,nlp4lp_test_280,1,7,6,0.8571428571428571,1.0,0.0,0.0,1.0
nlp4lp_test_281,orig,tfidf_optimization_role_repair,nlp4lp_test_281,nlp4lp_test_281,1,3,3,1.0,1.0,0.0,0.0,1.0
nlp4lp_test_282,orig,tfidf_optimization_role_repair,nlp4lp_test_282,nlp4lp_test_282,1,4,4,1.0,0.5,0.25,0.25,1.0
nlp4lp_test_283,orig,tfidf_optimization_role_repair,nlp4lp_test_284,nlp4lp_test_283,0,8,0,0.0,0.0,,,0.8
nlp4lp_test_284,orig,tfidf_optimization_role_repair,nlp4lp_test_284,nlp4lp_test_284,1,11,1,0.09090909090909091,1.0,0.0,0.0,1.0
nlp4lp_test_285,orig,tfidf_optimization_role_repair,nlp4lp_test_285,nlp4lp_test_285,1,6,2,0.3333333333333333,1.0,0.0,0.0,1.0
nlp4lp_test_286,orig,tfidf_optimization_role_repair,nlp4lp_test_285,nlp4lp_test_286,0,2,2,1.0,1.0,,,0.3333333333333333
nlp4lp_test_287,orig,tfidf_optimization_role_repair,nlp4lp_test_293,nlp4lp_test_287,0,1,0,0.0,0.0,,,0.25
nlp4lp_test_288,orig,tfidf_optimization_role_repair,nlp4lp_test_293,nlp4lp_test_288,0,1,0,0.0,0.0,,,0.25
nlp4lp_test_289,orig,tfidf_optimization_role_repair,nlp4lp_test_289,nlp4lp_test_289,1,5,0,0.0,0.0,,,1.0
nlp4lp_test_290,orig,tfidf_optimization_role_repair,nlp4lp_test_293,nlp4lp_test_290,0,0,0,0.0,0.0,,,0.0
nlp4lp_test_291,orig,tfidf_optimization_role_repair,nlp4lp_test_293,nlp4lp_test_291,0,1,1,1.0,1.0,,,0.3333333333333333
nlp4lp_test_292,orig,tfidf_optimization_role_repair,nlp4lp_test_293,nlp4lp_test_292,0,1,1,1.0,1.0,,,0.3333333333333333
nlp4lp_test_293,orig,tfidf_optimization_role_repair,nlp4lp_test_293,nlp4lp_test_293,1,0,0,0.0,0.0,,,0.0
nlp4lp_test_294,orig,tfidf_optimization_role_repair,nlp4lp_test_294,nlp4lp_test_294,1,2,0,0.0,0.0,,,1.0
nlp4lp_test_295,orig,tfidf_optimization_role_repair,nlp4lp_test_295,nlp4lp_test_295,1,1,0,0.0,0.0,,,1.0
nlp4lp_test_296,orig,tfidf_optimization_role_repair,nlp4lp_test_296,nlp4lp_test_296,1,1,0,0.0,0.0,,,1.0
nlp4lp_test_297,orig,tfidf_optimization_role_repair,nlp4lp_test_297,nlp4lp_test_297,1,1,0,0.0,0.0,,,1.0
nlp4lp_test_298,orig,tfidf_optimization_role_repair,nlp4lp_test_298,nlp4lp_test_298,1,2,0,0.0,0.0,,,1.0
nlp4lp_test_299,orig,tfidf_optimization_role_repair,nlp4lp_test_321,nlp4lp_test_299,0,1,1,1.0,1.0,,,0.5
nlp4lp_test_300,orig,tfidf_optimization_role_repair,nlp4lp_test_300,nlp4lp_test_300,1,2,0,0.0,0.0,,,1.0
nlp4lp_test_301,orig,tfidf_optimization_role_repair,nlp4lp_test_301,nlp4lp_test_301,1,2,0,0.0,0.0,,,1.0
nlp4lp_test_302,orig,tfidf_optimization_role_repair,nlp4lp_test_302,nlp4lp_test_302,1,3,0,0.0,0.0,,,1.0
nlp4lp_test_303,orig,tfidf_optimization_role_repair,nlp4lp_test_303,nlp4lp_test_303,1,3,2,0.6666666666666666,0.0,0.0,0.0,1.0
nlp4lp_test_304,orig,tfidf_optimization_role_repair,nlp4lp_test_304,nlp4lp_test_304,1,2,0,0.0,0.0,,,1.0
nlp4lp_test_305,orig,tfidf_optimization_role_repair,nlp4lp_test_305,nlp4lp_test_305,1,5,0,0.0,0.0,,,1.0
nlp4lp_test_306,orig,tfidf_optimization_role_repair,nlp4lp_test_306,nlp4lp_test_306,1,3,0,0.0,0.0,,,1.0
nlp4lp_test_307,orig,tfidf_optimization_role_repair,nlp4lp_test_307,nlp4lp_test_307,1,8,0,0.0,0.0,,,1.0
nlp4lp_test_308,orig,tfidf_optimization_role_repair,nlp4lp_test_308,nlp4lp_test_308,1,2,0,0.0,0.0,,,1.0
nlp4lp_test_309,orig,tfidf_optimization_role_repair,nlp4lp_test_309,nlp4lp_test_309,1,3,0,0.0,0.0,,,1.0
nlp4lp_test_310,orig,tfidf_optimization_role_repair,nlp4lp_test_310,nlp4lp_test_310,1,2,2,1.0,1.0,0.0,0.0,1.0
nlp4lp_test_311,orig,tfidf_optimization_role_repair,nlp4lp_test_321,nlp4lp_test_311,0,0,0,0.0,0.0,,,0.0
nlp4lp_test_312,orig,tfidf_optimization_role_repair,nlp4lp_test_312,nlp4lp_test_312,1,5,2,0.4,0.0,0.0,0.0,1.0
nlp4lp_test_313,orig,tfidf_optimization_role_repair,nlp4lp_test_313,nlp4lp_test_313,1,2,2,1.0,0.5,0.0,0.0,1.0
nlp4lp_test_314,orig,tfidf_optimization_role_repair,nlp4lp_test_314,nlp4lp_test_314,1,1,1,1.0,1.0,0.0,0.0,1.0
nlp4lp_test_315,orig,tfidf_optimization_role_repair,nlp4lp_test_315,nlp4lp_test_315,1,8,8,1.0,0.375,0.0,0.0,1.0
nlp4lp_test_316,orig,tfidf_optimization_role_repair,nlp4lp_test_325,nlp4lp_test_316,0,2,2,1.0,1.0,,,1.0
nlp4lp_test_317,orig,tfidf_optimization_role_repair,nlp4lp_test_321,nlp4lp_test_317,0,0,0,0.0,0.0,,,0.0
nlp4lp_test_318,orig,tfidf_optimization_role_repair,nlp4lp_test_312,nlp4lp_test_318,0,4,2,0.5,0.5,,,0.6666666666666666
nlp4lp_test_319,orig,tfidf_optimization_role_repair,nlp4lp_test_319,nlp4lp_test_319,1,2,2,1.0,1.0,0.0,0.0,1.0
nlp4lp_test_320,orig,tfidf_optimization_role_repair,nlp4lp_test_320,nlp4lp_test_320,1,2,1,0.5,1.0,0.0,0.0,1.0
nlp4lp_test_321,orig,tfidf_optimization_role_repair,nlp4lp_test_321,nlp4lp_test_321,1,4,4,1.0,1.0,0.0,0.0,1.0
nlp4lp_test_322,orig,tfidf_optimization_role_repair,nlp4lp_test_321,nlp4lp_test_322,0,3,3,1.0,1.0,,,0.5
nlp4lp_test_323,orig,tfidf_optimization_role_repair,nlp4lp_test_323,nlp4lp_test_323,1,2,2,1.0,1.0,0.0,0.0,1.0
nlp4lp_test_324,orig,tfidf_optimization_role_repair,nlp4lp_test_324,nlp4lp_test_324,1,7,5,0.7142857142857143,0.6,0.0,0.0,1.0
nlp4lp_test_325,orig,tfidf_optimization_role_repair,nlp4lp_test_325,nlp4lp_test_325,1,2,2,1.0,1.0,0.0,0.0,1.0
nlp4lp_test_326,orig,tfidf_optimization_role_repair,nlp4lp_test_326,nlp4lp_test_326,1,2,2,1.0,1.0,0.0,0.0,1.0
nlp4lp_test_327,orig,tfidf_optimization_role_repair,nlp4lp_test_327,nlp4lp_test_327,1,3,3,1.0,1.0,0.0,0.0,1.0
nlp4lp_test_328,orig,tfidf_optimization_role_repair,nlp4lp_test_328,nlp4lp_test_328,1,5,5,1.0,0.6,0.0,0.0,1.0
nlp4lp_test_329,orig,tfidf_optimization_role_repair,nlp4lp_test_329,nlp4lp_test_329,1,2,2,1.0,1.0,0.0,0.0,1.0
nlp4lp_test_330,orig,tfidf_optimization_role_repair,nlp4lp_test_330,nlp4lp_test_330,1,1,1,1.0,1.0,0.0,0.0,1.0
